3.544140431e-05,3.560980965e-05,3.578371845e-05,3.596366264e-05,3.615021119e-05,3.634397162e-05,3.654559138e-05,3.675575908e-05,3.697520552e-05,3.720470456e-05,3.74450736e-05,3.76971738e-05,3.796190991e-05,3.824022955e-05,3.853312205e-05,3.884161663e-05,3.91667799e-05,3.950971254e-05,3.987154511e-05,4.025343297e-05,4.065655e-05,4.108208128e-05,4.153121443e-05,4.200512972e-05,4.25049887e-05,4.303192147e-05,4.358701246e-05,4.417128478e-05,4.478568324e-05,4.543105596e-05,4.610813506e-05,4.681751628e-05,4.755963809e-05,4.83347606e-05,4.914294458e-05,4.998403132e-05,5.085762372e-05,5.176306935e-05,5.269944609e-05,5.366555112e-05,5.465989375e-05,5.568069295e-05,5.67258799e-05,5.779310611e-05,5.887975732e-05,5.998297331e-05,6.109967346e-05,6.22265878e-05,6.33602929e-05,6.449725191e-05,6.563385784e-05,6.676647886e-05,6.789150459e-05,6.900539196e-05,7.010470962e-05,7.118617943e-05,7.224671435e-05,7.328345144e-05,7.429377964e-05,7.527536151e-05,7.622614903e-05,7.714439307e-05,7.802864704e-05,7.887776483e-05,7.969089367e-05,8.046746254e-05,8.120716681e-05,8.190994977e-05,8.257598195e-05,8.320563882e-05,8.379947765e-05,8.435821403e-05,8.488269866e-05,8.53738949e-05,8.583285733e-05,8.62607117e-05,8.66586364e-05,8.70278457e-05,8.736957469e-05,8.768506598e-05,8.797555823e-05,8.824227625e-05,8.84864228e-05,8.870917178e-05,8.891166276e-05,8.909499684e-05,8.926023343e-05,8.940838812e-05,8.954043129e-05,8.965728743e-05,8.975983506e-05,8.984890717e-05,8.992529199e-05,8.998973408e-05,9.004293575e-05,9.008555853e-05,9.011822483e-05,9.014151971e-05,9.015599265e-05,9.01621593e-05
3.560980965e-05,3.577879094e-05,3.595332622e-05,3.613395356e-05,3.632124849e-05,3.651582543e-05,3.67183391e-05,3.692948563e-05,3.715000362e-05,3.738067486e-05,3.762232476e-05,3.787582248e-05,3.814208059e-05,3.842205431e-05,3.871674015e-05,3.902717395e-05,3.935442822e-05,3.969960868e-05,4.006384989e-05,4.044830996e-05,4.085416414e-05,4.128259733e-05,4.173479523e-05,4.221193434e-05,4.271517045e-05,4.32456258e-05,4.380437479e-05,4.439242826e-05,4.501071649e-05,4.566007087e-05,4.634120457e-05,4.705469234e-05,4.780094969e-05,4.8580212e-05,4.939251378e-05,5.023766874e-05,5.111525122e-05,5.202457953e-05,5.296470199e-05,5.393438621e-05,5.493211243e-05,5.595607132e-05,5.700416701e-05,5.807402556e-05,5.916300924e-05,6.026823671e-05,6.138660889e-05,6.251484027e-05,6.36494951e-05,6.478702757e-05,6.592382526e-05,6.705625452e-05,6.818070679e-05,6.929364444e-05,7.039164504e-05,7.147144283e-05,7.252996627e-05,7.356437089e-05,7.457206675e-05,7.555073988e-05,7.649836771e-05,7.741322817e-05,7.829390294e-05,7.913927501e-05,7.994852117e-05,8.072109997e-05,8.145673601e-05,8.215540117e-05,8.281729354e-05,8.344281488e-05,8.403254716e-05,8.458722893e-05,8.510773191e-05,8.559503838e-05,8.605021967e-05,8.647441603e-05,8.686881815e-05,8.723465032e-05,8.757315549e-05,8.788558203e-05,8.817317237e-05,8.843715324e-05,8.867872758e-05,8.889906792e-05,8.909931108e-05,8.928055415e-05,8.944385153e-05,8.959021289e-05,8.972060198e-05,8.98359361e-05,8.993708622e-05,9.002487747e-05,9.010009008e-05,9.016346063e-05,9.021568346e-05,9.025741234e-05,9.028926213e-05,9.031181064e-05,9.032560042e-05,9.033114059e-05
3.578371845e-05,3.595332622e-05,3.612854651e-05,3.630992445e-05,3.649804306e-05,3.66935247e-05,3.68970324e-05,3.710927095e-05,3.733098789e-05,3.756297409e-05,3.780606416e-05,3.806113641e-05,3.832911243e-05,3.86109561e-05,3.890767219e-05,3.922030413e-05,3.954993121e-05,3.989766492e-05,4.026464441e-05,4.065203094e-05,4.106100135e-05,4.149274031e-05,4.194843135e-05,4.242924664e-05,4.293633538e-05,4.347081078e-05,4.403373576e-05,4.462610708e-05,4.524883839e-05,4.590274188e-05,4.658850902e-05,4.730669048e-05,4.805767547e-05,4.884167101e-05,4.965868151e-05,5.050848907e-05,5.139063527e-05,5.230440491e-05,5.324881238e-05,5.422259145e-05,5.522418898e-05,5.625176323e-05,5.730318732e-05,5.837605812e-05,5.946771101e-05,6.057524044e-05,6.169552615e-05,6.282526484e-05,6.396100662e-05,6.509919541e-05,6.623621257e-05,6.736842236e-05,6.849221831e-05,6.960406901e-05,7.070056231e-05,7.177844657e-05,7.283466804e-05,7.386640345e-05,7.487108705e-05,7.58464318e-05,7.679044426e-05,7.77014334e-05,7.857801333e-05,7.941910039e-05,8.022390522e-05,8.099192029e-05,8.172290374e-05,8.241686019e-05,8.307401933e-05,8.369481303e-05,8.427985161e-05,8.482989994e-05,8.534585381e-05,8.58287172e-05,8.627958063e-05,8.669960101e-05,8.708998308e-05,8.745196262e-05,8.778679161e-05,8.809572501e-05,8.838000958e-05,8.864087422e-05,8.88795221e-05,8.909712416e-05,8.929481407e-05,8.947368433e-05,8.963478357e-05,8.977911468e-05,8.990763381e-05,9.002125004e-05,9.012082562e-05,9.02071767e-05,9.028107435e-05,9.034324596e-05,9.039437676e-05,9.04351116e-05,9.04660567e-05,9.048778153e-05,9.050082071e-05,9.050567587e-05
3.596366264e-05,3.613395356e-05,3.630992445e-05,3.649212848e-05,3.668115723e-05,3.687764216e-05,3.708225577e-05,3.729571279e-05,3.75187709e-05,3.775223141e-05,3.799693941e-05,3.82537837e-05,3.852369611e-05,3.88076505e-05,3.910666102e-05,3.942177979e-05,3.975409386e-05,4.01047213e-05,4.047480649e-05,4.086551434e-05,4.127802346e-05,4.171351829e-05,4.217317987e-05,4.265817543e-05,4.316964664e-05,4.370869643e-05,4.427637455e-05,4.487366174e-05,4.550145262e-05,4.616053747e-05,4.685158297e-05,4.757511229e-05,4.833148458e-05,4.91208745e-05,4.994325205e-05,5.079836324e-05,5.168571226e-05,5.260454557e-05,5.355383887e-05,5.453228724e-05,5.553829944e-05,5.656999669e-05,5.762521668e-05,5.870152297e-05,5.979622022e-05,6.09063752e-05,6.202884348e-05,6.316030144e-05,6.429728302e-05,6.543622045e-05,6.657348794e-05,6.77054474e-05,6.882849472e-05,6.993910561e-05,7.103387964e-05,7.210958132e-05,7.316317725e-05,7.41918683e-05,7.519311642e-05,7.616466525e-05,7.710455472e-05,7.80111292e-05,7.888303982e-05,7.971924105e-05,8.05189822e-05,8.128179447e-05,8.200747428e-05,8.269606368e-05,8.334782844e-05,8.396323483e-05,8.454292556e-05,8.508769553e-05,8.559846804e-05,8.607627186e-05,8.652221943e-05,8.693748665e-05,8.732329434e-05,8.768089142e-05,8.801154012e-05,8.831650299e-05,8.859703168e-05,8.885435762e-05,8.908968419e-05,8.930418054e-05,8.949897671e-05,8.967516e-05,8.983377241e-05,8.997580908e-05,9.010221749e-05,9.021389732e-05,9.031170088e-05,9.039643402e-05,9.046885736e-05,9.052968779e-05,9.057960014e-05,9.061922906e-05,9.064917087e-05,9.066998555e-05,9.068219865e-05,9.068630321e-05
3.615021119e-05,3.632124849e-05,3.649804306e-05,3.668115723e-05,3.687119238e-05,3.706879024e-05,3.727463419e-05,3.748945017e-05,3.77140075e-05,3.794911932e-05,3.819564269e-05,3.845447829e-05,3.87265697e-05,3.901290206e-05,3.931450023e-05,3.963242622e-05,3.99677759e-05,4.032167487e-05,4.069527345e-05,4.108974067e-05,4.150625721e-05,4.194600722e-05,4.241016892e-05,4.289990393e-05,4.341634533e-05,4.396058435e-05,4.45336558e-05,4.513652214e-05,4.577005637e-05,4.64350238e-05,4.713206293e-05,4.786166562e-05,4.862415682e-05,4.941967436e-05,5.024814908e-05,5.110928593e-05,5.200254651e-05,5.292713371e-05,5.388197914e-05,5.486573388e-05,5.587676331e-05,5.691314652e-05,5.797268088e-05,5.905289202e-05,6.015104964e-05,6.126418903e-05,6.238913824e-05,6.352255053e-05,6.466094144e-05,6.580072986e-05,6.693828192e-05,6.806995681e-05,6.919215313e-05,7.030135469e-05,7.13941744e-05,7.246739515e-05,7.351800667e-05,7.454323735e-05,7.554058061e-05,7.650781509e-05,7.744301859e-05,7.834457583e-05,7.921118009e-05,8.004182919e-05,8.083581645e-05,8.159271716e-05,8.231237132e-05,8.299486354e-05,8.364050068e-05,8.424978817e-05,8.482340552e-05,8.536218186e-05,8.586707179e-05,8.633913226e-05,8.677950068e-05,8.718937458e-05,8.756999303e-05,8.792261991e-05,8.824852918e-05,8.854899192e-05,8.882526543e-05,8.907858395e-05,8.931015115e-05,8.952113412e-05,8.971265876e-05,8.988580642e-05,9.004161161e-05,9.018106063e-05,9.030509108e-05,9.041459192e-05,9.051040415e-05,9.059332193e-05,9.066409396e-05,9.072342517e-05,9.077197855e-05,9.081037714e-05,9.083920602e-05,9.085901431e-05,9.087031726e-05,9.087359814e-05
3.634397162e-05,3.651582543e-05,3.66935247e-05,3.687764216e-05,3.706879024e-05,3.726762242e-05,3.747483432e-05,3.769116469e-05,3.791739599e-05,3.81543548e-05,3.840291174e-05,3.8663981e-05,3.893851942e-05,3.9227525e-05,3.953203473e-05,3.985312184e-05,4.01918922e-05,4.054947994e-05,4.092704211e-05,4.132575245e-05,4.174679397e-05,4.21913505e-05,4.266059706e-05,4.31556889e-05,4.367774938e-05,4.422785647e-05,4.480702803e-05,4.541620579e-05,4.605623823e-05,4.672786239e-05,4.743168478e-05,4.816816176e-05,4.893757952e-05,4.974003412e-05,5.057541201e-05,5.144337155e-05,5.234332608e-05,5.327442907e-05,5.423556216e-05,5.522532651e-05,5.624203834e-05,5.728372895e-05,5.834814998e-05,5.943278408e-05,6.05348613e-05,6.165138123e-05,6.277914072e-05,6.391476679e-05,6.505475416e-05,6.619550657e-05,6.733338099e-05,6.846473353e-05,6.958596585e-05,7.069357096e-05,7.178417688e-05,7.285458735e-05,7.390181833e-05,7.492312941e-05,7.591604972e-05,7.687839751e-05,7.780829362e-05,7.870416846e-05,7.956476311e-05,8.038912455e-05,8.117659602e-05,8.192680278e-05,8.263963424e-05,8.33152233e-05,8.395392338e-05,8.455628431e-05,8.512302737e-05,8.565502045e-05,8.615325365e-05,8.66188159e-05,8.70528729e-05,8.74566467e-05,8.783139708e-05,8.817840488e-05,8.849895731e-05,8.87943352e-05,8.906580219e-05,8.931459573e-05,8.954191981e-05,8.974893918e-05,8.993677506e-05,9.010650205e-05,9.025914612e-05,9.039568358e-05,9.051704081e-05,9.062409462e-05,9.07176732e-05,9.079855742e-05,9.086748245e-05,9.092513969e-05,9.097217869e-05,9.100920932e-05,9.103680388e-05,9.105549923e-05,9.10657989e-05,9.106817509e-05
3.654559138e-05,3.67183391e-05,3.68970324e-05,3.708225577e-05,3.727463419e-05,3.747483432e-05,3.76835657e-05,3.790158149e-05,3.812967903e-05,3.836870009e-05,3.861953059e-05,3.88831e-05,3.916038018e-05,3.94523836e-05,3.976016099e-05,4.008479824e-05,4.042741254e-05,4.078914764e-05,4.117116824e-05,4.157465335e-05,4.200078863e-05,4.245075758e-05,4.292573157e-05,4.342685868e-05,4.395525129e-05,4.451197238e-05,4.509802066e-05,4.571431446e-05,4.636167457e-05,4.704080605e-05,4.77522793e-05,4.84965106e-05,4.927374232e-05,5.008402332e-05,5.092718993e-05,5.180284789e-05,5.271035598e-05,5.364881188e-05,5.461704073e-05,5.561358735e-05,5.663671237e-05,5.768439314e-05,5.875432964e-05,5.984395593e-05,6.095045728e-05,6.207079297e-05,6.320172458e-05,6.433984951e-05,6.548163893e-05,6.662347948e-05,6.776171777e-05,6.889270643e-05,7.001285062e-05,7.111865368e-05,7.220676074e-05,7.32739991e-05,7.431741431e-05,7.533430126e-05,7.632222937e-05,7.72790617e-05,7.820296765e-05,7.90924293e-05,7.994624168e-05,8.076350736e-05,8.154362593e-05,8.228627911e-05,8.299141217e-05,8.36592125e-05,8.429008618e-05,8.488463315e-05,8.544362189e-05,8.596796411e-05,8.645868999e-05,8.691692458e-05,8.734386554e-05,8.774076261e-05,8.810889899e-05,8.844957466e-05,8.876409182e-05,8.905374228e-05,8.931979686e-05,8.956349663e-05,8.978604593e-05,8.998860688e-05,9.017229539e-05,9.033817844e-05,9.048727237e-05,9.062054218e-05,9.073890156e-05,9.084321362e-05,9.093429205e-05,9.10129027e-05,9.10797655e-05,9.113555649e-05,9.118091007e-05,9.121642123e-05,9.124264782e-05,9.126011285e-05,9.12693066e-05,9.127068875e-05
3.675575908e-05,3.692948563e-05,3.710927095e-05,3.729571279e-05,3.748945017e-05,3.769116469e-05,3.790158149e-05,3.812146998e-05,3.835164426e-05,3.859296318e-05,3.884632991e-05,3.911269111e-05,3.939303552e-05,3.968839195e-05,3.999982657e-05,4.032843953e-05,4.067536075e-05,4.104174484e-05,4.142876508e-05,4.183760645e-05,4.226945757e-05,4.272550156e-05,4.320690571e-05,4.371481003e-05,4.425031453e-05,4.481446533e-05,4.540823958e-05,4.603252929e-05,4.668812406e-05,4.737569298e-05,4.809576581e-05,4.884871369e-05,4.963472968e-05,5.045380955e-05,5.130573318e-05,5.219004708e-05,5.310604868e-05,5.405277278e-05,5.502898101e-05,5.603315472e-05,5.706349201e-05,5.811790947e-05,5.919404895e-05,6.028928984e-05,6.140076699e-05,6.25253943e-05,6.365989367e-05,6.480082915e-05,6.59446454e-05,6.708770983e-05,6.822635739e-05,6.935693678e-05,7.047585709e-05,7.157963331e-05,7.266492983e-05,7.372860042e-05,7.476772402e-05,7.577963517e-05,7.676194868e-05,7.771257804e-05,7.862974729e-05,7.951199667e-05,8.035818196e-05,8.116746826e-05,8.193931863e-05,8.267347831e-05,8.336995542e-05,8.402899873e-05,8.465107354e-05,8.523683623e-05,8.57871084e-05,8.630285104e-05,8.678513948e-05,8.723513941e-05,8.765408446e-05,8.804325556e-05,8.840396223e-05,8.873752601e-05,8.904526597e-05,8.932848626e-05,8.95884658e-05,8.982644974e-05,9.004364278e-05,9.024120408e-05,9.042024361e-05,9.058181973e-05,9.072693795e-05,9.085655053e-05,9.097155691e-05,9.107280473e-05,9.116109137e-05,9.123716579e-05,9.130173073e-05,9.135544498e-05,9.139892585e-05,9.143275159e-05,9.145746381e-05,9.147356986e-05,9.148154515e-05,9.148183528e-05
3.697520552e-05,3.715000362e-05,3.733098789e-05,3.75187709e-05,3.77140075e-05,3.791739599e-05,3.812967903e-05,3.835164426e-05,3.858412457e-05,3.882799795e-05,3.908418693e-05,3.935365746e-05,3.963741721e-05,3.993651328e-05,4.025202919e-05,4.058508109e-05,4.093681317e-05,4.130839221e-05,4.170100112e-05,4.211583157e-05,4.255407552e-05,4.301691565e-05,4.350551469e-05,4.402100358e-05,4.456446849e-05,4.513693662e-05,4.573936096e-05,4.637260398e-05,4.703742032e-05,4.773443875e-05,4.846414344e-05,4.922685493e-05,5.002271099e-05,5.085164784e-05,5.171338206e-05,5.260739378e-05,5.353291157e-05,5.448889979e-05,5.54740488e-05,5.64867688e-05,5.752518778e-05,5.858715419e-05,5.967024469e-05,6.077177737e-05,6.188883056e-05,6.301826724e-05,6.415676484e-05,6.530084999e-05,6.644693765e-05,6.759137366e-05,6.873047987e-05,6.986060061e-05,7.097814934e-05,7.207965416e-05,7.3161801e-05,7.422147337e-05,7.525578759e-05,7.626212271e-05,7.723814443e-05,7.818182276e-05,7.909144306e-05,7.996561076e-05,8.080324975e-05,8.160359527e-05,8.236618151e-05,8.3090825e-05,8.37776043e-05,8.442683701e-05,8.503905484e-05,8.561497747e-05,8.615548603e-05,8.666159681e-05,8.713443574e-05,8.757521409e-05,8.798520583e-05,8.836572684e-05,8.871811619e-05,8.904371957e-05,8.934387494e-05,8.961990035e-05,8.987308374e-05,9.010467485e-05,9.031587881e-05,9.050785145e-05,9.068169603e-05,9.083846129e-05,9.097914057e-05,9.110467186e-05,9.121593859e-05,9.131377108e-05,9.139894839e-05,9.147220056e-05,9.153421103e-05,9.158561927e-05,9.16270234e-05,9.16589829e-05,9.168202114e-05,9.169662798e-05,9.170326209e-05,9.170235328e-05
3.720470456e-05,3.738067486e-05,3.756297409e-05,3.775223141e-05,3.794911932e-05,3.81543548e-05,3.836870009e-05,3.859296318e-05,3.882799795e-05,3.907470382e-05,3.933402491e-05,3.960694872e-05,3.98945041e-05,4.019775858e-05,4.051781506e-05,4.085580755e-05,4.12128962e-05,4.159026138e-05,4.198909678e-05,4.241060153e-05,4.285597132e-05,4.332638836e-05,4.382301027e-05,4.434695788e-05,4.489930187e-05,4.548104832e-05,4.609312324e-05,4.67363561e-05,4.741146249e-05,4.811902611e-05,4.885948023e-05,4.963308885e-05,5.043992797e-05,5.12798673e-05,5.215255272e-05,5.305739014e-05,5.399353128e-05,5.495986176e-05,5.595499235e-05,5.697725375e-05,5.802469563e-05,5.909509031e-05,6.018594164e-05,6.129449922e-05,6.241777822e-05,6.355258477e-05,6.46955466e-05,6.584314856e-05,6.69917724e-05,6.813773986e-05,6.927735819e-05,7.040696681e-05,7.152298409e-05,7.262195272e-05,7.370058275e-05,7.47557909e-05,7.578473525e-05,7.678484455e-05,7.775384138e-05,7.868975887e-05,7.959095091e-05,8.045609571e-05,8.12841933e-05,8.207455724e-05,8.282680122e-05,8.354082137e-05,8.421677495e-05,8.485505648e-05,8.545627183e-05,8.602121139e-05,8.655082282e-05,8.704618418e-05,8.750847791e-05,8.793896621e-05,8.833896812e-05,8.870983855e-05,8.905294957e-05,8.936967387e-05,8.966137053e-05,8.992937306e-05,9.017497955e-05,9.039944481e-05,9.060397447e-05,9.078972062e-05,9.095777906e-05,9.110918775e-05,9.124492644e-05,9.136591716e-05,9.147302548e-05,9.156706235e-05,9.164878637e-05,9.171890643e-05,9.177808441e-05,9.182693818e-05,9.186604446e-05,9.189594171e-05,9.191713296e-05,9.193008849e-05,9.193524829e-05,9.193302451e-05
3.74450736e-05,3.762232476e-05,3.780606416e-05,3.799693941e-05,3.819564269e-05,3.840291174e-05,3.861953059e-05,3.884632991e-05,3.908418693e-05,3.933402491e-05,3.959681204e-05,3.987355978e-05,4.016532052e-05,4.04731846e-05,4.079827644e-05,4.114174995e-05,4.150478305e-05,4.188857122e-05,4.229432015e-05,4.272323731e-05,4.31765225e-05,4.365535743e-05,4.416089403e-05,4.469424188e-05,4.525645443e-05,4.584851425e-05,4.647131732e-05,4.712565639e-05,4.781220359e-05,4.853149249e-05,4.928389966e-05,5.006962621e-05,5.088867942e-05,5.174085492e-05,5.262571992e-05,5.354259779e-05,5.449055465e-05,5.546838854e-05,5.647462161e-05,5.750749611e-05,5.856497452e-05,5.964474448e-05,6.074422877e-05,6.186060077e-05,6.299080538e-05,6.413158544e-05,6.527951336e-05,6.643102751e-05,6.758247268e-05,6.873014379e-05,6.987033181e-05,7.099937074e-05,7.211368437e-05,7.320983168e-05,7.428454952e-05,7.533479157e-05,7.635776241e-05,7.735094611e-05,7.831212851e-05,7.923941304e-05,8.01312298e-05,8.098633806e-05,8.180382256e-05,8.258308402e-05,8.33238246e-05,8.402602901e-05,8.468994216e-05,8.53160441e-05,8.590502327e-05,8.645774876e-05,8.697524225e-05,8.745865055e-05,8.790921901e-05,8.83282665e-05,8.87171622e-05,8.907730448e-05,8.941010213e-05,8.971695786e-05,8.999925429e-05,9.025834213e-05,9.049553073e-05,9.071208059e-05,9.090919785e-05,9.108803047e-05,9.12496659e-05,9.139513015e-05,9.152538782e-05,9.164134318e-05,9.174384191e-05,9.18336734e-05,9.19115735e-05,9.197822752e-05,9.203427339e-05,9.208030491e-05,9.211687496e-05,9.214449864e-05,9.216365633e-05,9.217479649e-05,9.217833836e-05,9.217467442e-05
3.76971738e-05,3.787582248e-05,3.806113641e-05,3.82537837e-05,3.845447829e-05,3.8663981e-05,3.88831e-05,3.911269111e-05,3.935365746e-05,3.960694872e-05,3.987355978e-05,4.015452866e-05,4.04509339e-05,4.076389106e-05,4.109454845e-05,4.144408207e-05,4.181368951e-05,4.220458304e-05,4.261798163e-05,4.305510198e-05,4.35171485e-05,4.40053023e-05,4.452070904e-05,4.506446581e-05,4.563760696e-05,4.624108901e-05,4.687577464e-05,4.754241587e-05,4.824163669e-05,4.897391504e-05,4.973956468e-05,5.053871697e-05,5.137130297e-05,5.223703624e-05,5.313539676e-05,5.406561634e-05,5.502666626e-05,5.601724739e-05,5.70357837e-05,5.808041935e-05,5.914902015e-05,6.023917984e-05,6.134823135e-05,6.247326354e-05,6.361114339e-05,6.475854359e-05,6.591197522e-05,6.706782509e-05,6.822239704e-05,6.937195624e-05,7.051277565e-05,7.16411832e-05,7.275360873e-05,7.384662926e-05,7.491701138e-05,7.596174972e-05,7.697810042e-05,7.796360887e-05,7.891613109e-05,7.983384841e-05,8.071527543e-05,8.15592613e-05,8.236498465e-05,8.313194287e-05,8.38599362e-05,8.454904757e-05,8.5199619e-05,8.581222542e-05,8.638764682e-05,8.692683951e-05,8.743090727e-05,8.79010731e-05,8.833865211e-05,8.874502599e-05,8.912161951e-05,8.946987924e-05,8.979125466e-05,9.008718179e-05,9.03590693e-05,9.060828701e-05,9.083615673e-05,9.104394526e-05,9.123285933e-05,9.140404228e-05,9.155857237e-05,9.169746227e-05,9.182165984e-05,9.193204964e-05,9.202945528e-05,9.211464228e-05,9.218832124e-05,9.225115133e-05,9.230374392e-05,9.234666611e-05,9.238044437e-05,9.24055679e-05,9.242249193e-05,9.243164077e-05,9.243341061e-05,9.242817213e-05
3.796190991e-05,3.814208059e-05,3.832911243e-05,3.852369611e-05,3.87265697e-05,3.893851942e-05,3.916038018e-05,3.939303552e-05,3.963741721e-05,3.98945041e-05,4.016532052e-05,4.04509339e-05,4.075245161e-05,4.107101707e-05,4.140780503e-05,4.176401581e-05,4.214086878e-05,4.253959473e-05,4.296142732e-05,4.340759344e-05,4.387930259e-05,4.437773523e-05,4.490403007e-05,4.545927043e-05,4.604446956e-05,4.666055521e-05,4.730835328e-05,4.798857084e-05,4.870177866e-05,4.944839329e-05,5.022865909e-05,5.10426304e-05,5.189015411e-05,5.277085313e-05,5.368411108e-05,5.462905869e-05,5.560456245e-05,5.660921597e-05,5.764133473e-05,5.869895457e-05,5.977983456e-05,6.088146472e-05,6.200107873e-05,6.313567213e-05,6.428202584e-05,6.543673505e-05,6.659624312e-05,6.775687994e-05,6.891490407e-05,7.006654787e-05,7.120806437e-05,7.233577483e-05,7.344611576e-05,7.45356841e-05,7.560127928e-05,7.663994118e-05,7.764898286e-05,7.862601746e-05,7.956897847e-05,8.047613329e-05,8.134608984e-05,8.217779652e-05,8.297053568e-05,8.372391145e-05,8.443783239e-05,8.511248992e-05,8.574833332e-05,8.634604231e-05,8.690649797e-05,8.743075294e-05,8.792000168e-05,8.837555135e-05,8.879879408e-05,8.919118096e-05,8.955419816e-05,8.988934544e-05,9.019811726e-05,9.048198641e-05,9.074239033e-05,9.098071993e-05,9.119831081e-05,9.139643672e-05,9.157630502e-05,9.173905397e-05,9.188575163e-05,9.201739601e-05,9.213491641e-05,9.223917565e-05,9.233097299e-05,9.241104752e-05,9.248008199e-05,9.253870671e-05,9.258750367e-05,9.262701053e-05,9.265772455e-05,9.268010633e-05,9.269458334e-05,9.270155319e-05,9.270138663e-05,9.269443025e-05
3.824022955e-05,3.842205431e-05,3.86109561e-05,3.88076505e-05,3.901290206e-05,3.9227525e-05,3.94523836e-05,3.968839195e-05,3.993651328e-05,4.019775858e-05,4.04731846e-05,4.076389106e-05,4.107101707e-05,4.139573676e-05,4.173925387e-05,4.210279558e-05,4.248760516e-05,4.289493381e-05,4.332603133e-05,4.378213583e-05,4.426446241e-05,4.477419082e-05,4.531245214e-05,4.588031452e-05,4.647876802e-05,4.710870871e-05,4.777092205e-05,4.846606566e-05,4.919465174e-05,4.995702932e-05,5.075336642e-05,5.158363263e-05,5.244758224e-05,5.334473843e-05,5.427437883e-05,5.523552294e-05,5.622692197e-05,5.724705154e-05,5.829410778e-05,5.936600734e-05,6.046039188e-05,6.157463728e-05,6.270586807e-05,6.385097708e-05,6.500665057e-05,6.616939849e-05,6.733558968e-05,6.850149138e-05,6.966331239e-05,7.081724894e-05,7.195953213e-05,7.308647589e-05,7.419452408e-05,7.528029554e-05,7.634062584e-05,7.737260462e-05,7.83736076e-05,7.934132241e-05,8.02737678e-05,8.116930584e-05,8.202664716e-05,8.284484929e-05,8.362330873e-05,8.436174703e-05,8.506019192e-05,8.571895416e-05,8.633860107e-05,8.691992761e-05,8.74639261e-05,8.797175517e-05,8.844470901e-05,8.888418739e-05,8.929166716e-05,8.966867577e-05,9.001676693e-05,9.033749894e-05,9.063241572e-05,9.09030305e-05,9.11508124e-05,9.137717552e-05,9.158347063e-05,9.177097911e-05,9.194090902e-05,9.209439305e-05,9.223248802e-05,9.235617578e-05,9.246636526e-05,9.256389534e-05,9.264953846e-05,9.272400468e-05,9.278794606e-05,9.284196119e-05,9.288659974e-05,9.292236695e-05,9.294972796e-05,9.29691119e-05,9.298091569e-05,9.298550758e-05,9.29832303e-05,9.297440397e-05
3.853312205e-05,3.871674015e-05,3.890767219e-05,3.910666102e-05,3.931450023e-05,3.953203473e-05,3.976016099e-05,3.999982657e-05,4.025202919e-05,4.051781506e-05,4.079827644e-05,4.109454845e-05,4.140780503e-05,4.173925387e-05,4.20901306e-05,4.246169172e-05,4.285520678e-05,4.32719493e-05,4.371318679e-05,4.418016965e-05,4.467411913e-05,4.51962142e-05,4.574757757e-05,4.632926076e-05,4.694222844e-05,4.758734198e-05,4.826534248e-05,4.897683338e-05,4.972226275e-05,5.050190556e-05,5.13158462e-05,5.216396138e-05,5.304590394e-05,5.396108775e-05,5.490867428e-05,5.588756116e-05,5.689637327e-05,5.793345691e-05,5.899687742e-05,6.008442086e-05,6.11936002e-05,6.232166626e-05,6.346562393e-05,6.462225352e-05,6.578813753e-05,6.695969251e-05,6.813320562e-05,6.930487546e-05,7.047085631e-05,7.162730476e-05,7.277042794e-05,7.389653172e-05,7.5002068e-05,7.608367963e-05,7.713824178e-05,7.816289864e-05,7.915509456e-05,8.011259885e-05,8.103352367e-05,8.191633483e-05,8.275985548e-05,8.356326282e-05,8.432607837e-05,8.50481524e-05,8.572964322e-05,8.637099238e-05,8.697289652e-05,8.753627693e-05,8.80622478e-05,8.855208393e-05,8.900718879e-05,8.942906362e-05,8.981927817e-05,9.01794435e-05,9.051118736e-05,9.081613221e-05,9.109587614e-05,9.135197675e-05,9.158593782e-05,9.17991989e-05,9.199312736e-05,9.216901294e-05,9.232806448e-05,9.247140854e-05,9.260008964e-05,9.271507193e-05,9.281724198e-05,9.290741245e-05,9.298632641e-05,9.305466208e-05,9.31130379e-05,9.316201767e-05,9.320211565e-05,9.323380157e-05,9.325750535e-05,9.327362164e-05,9.328251387e-05,9.32845181e-05,9.327994639e-05,9.32690898e-05
3.884161663e-05,3.902717395e-05,3.922030413e-05,3.942177979e-05,3.963242622e-05,3.985312184e-05,4.008479824e-05,4.032843953e-05,4.058508109e-05,4.085580755e-05,4.114174995e-05,4.144408207e-05,4.176401581e-05,4.210279558e-05,4.246169172e-05,4.284199285e-05,4.324499711e-05,4.367200244e-05,4.412429566e-05,4.46031406e-05,4.510976521e-05,4.564534762e-05,4.62110014e-05,4.680775995e-05,4.743656018e-05,4.809822559e-05,4.879344891e-05,4.95227744e-05,5.028658011e-05,5.108506024e-05,5.191820784e-05,5.278579827e-05,5.368737361e-05,5.462222843e-05,5.558939741e-05,5.658764514e-05,5.761545863e-05,5.8671043e-05,5.975232084e-05,6.085693567e-05,6.198225997e-05,6.312540809e-05,6.42832543e-05,6.54524561e-05,6.662948274e-05,6.781064879e-05,6.899215228e-05,7.01701169e-05,7.134063737e-05,7.249982709e-05,7.364386695e-05,7.476905404e-05,7.587184906e-05,7.694892107e-05,7.799718844e-05,7.901385491e-05,7.999643977e-05,8.094280143e-05,8.185115404e-05,8.272007666e-05,8.354851525e-05,8.433577763e-05,8.508152179e-05,8.578573848e-05,8.644872858e-05,8.707107636e-05,8.765361964e-05,8.81974176e-05,8.870371747e-05,8.917392082e-05,8.960955043e-05,9.00122183e-05,9.038359553e-05,9.072538452e-05,9.103929379e-05,9.132701582e-05,9.159020788e-05,9.183047593e-05,9.204936166e-05,9.224833233e-05,9.242877344e-05,9.259198389e-05,9.273917335e-05,9.287146168e-05,9.298987997e-05,9.309537305e-05,9.318880311e-05,9.327095416e-05,9.334253719e-05,9.340419569e-05,9.345651141e-05,9.350001016e-05,9.353516755e-05,9.356241453e-05,9.358214261e-05,9.359470875e-05,9.360043986e-05,9.359963687e-05,9.359257833e-05,9.35795236e-05
3.91667799e-05,3.935442822e-05,3.954993121e-05,3.975409386e-05,3.99677759e-05,4.01918922e-05,4.042741254e-05,4.067536075e-05,4.093681317e-05,4.12128962e-05,4.150478305e-05,4.181368951e-05,4.214086878e-05,4.248760516e-05,4.285520678e-05,4.324499711e-05,4.365830544e-05,4.409645622e-05,4.456075729e-05,4.505248708e-05,4.557288081e-05,4.61231157e-05,4.67042954e-05,4.731743359e-05,4.796343702e-05,4.864308803e-05,4.935702672e-05,5.010573306e-05,5.088950897e-05,5.17084608e-05,5.256248234e-05,5.345123875e-05,5.437415168e-05,5.533038603e-05,5.631883861e-05,5.73381294e-05,5.838659549e-05,5.946228854e-05,6.056297594e-05,6.168614622e-05,6.282901916e-05,6.39885607e-05,6.516150314e-05,6.634437043e-05,6.753350872e-05,6.872512172e-05,6.991531055e-05,7.110011744e-05,7.227557238e-05,7.343774179e-05,7.458277806e-05,7.570696874e-05,7.680678407e-05,7.787892161e-05,7.892034671e-05,7.992832784e-05,8.090046575e-05,8.183471576e-05,8.272940287e-05,8.358322926e-05,8.439527444e-05,8.516498818e-05,8.589217689e-05,8.657698403e-05,8.721986544e-05,8.782156062e-05,8.838306085e-05,8.89055752e-05,8.939049554e-05,8.983936129e-05,9.025382493e-05,9.063561886e-05,9.098652439e-05,9.130834318e-05,9.16028716e-05,9.187187826e-05,9.211708472e-05,9.234014957e-05,9.254265566e-05,9.272610041e-05,9.289188904e-05,9.304133037e-05,9.317563498e-05,9.329591546e-05,9.34031883e-05,9.349837731e-05,9.358231816e-05,9.365576374e-05,9.371939016e-05,9.377380313e-05,9.381954451e-05,9.385709881e-05,9.388689964e-05,9.390933576e-05,9.39247569e-05,9.393347911e-05,9.393578954e-05,9.393195093e-05,9.392220541e-05,9.390677787e-05
3.950971254e-05,3.969960868e-05,3.989766492e-05,4.01047213e-05,4.032167487e-05,4.054947994e-05,4.078914764e-05,4.104174484e-05,4.130839221e-05,4.159026138e-05,4.188857122e-05,4.220458304e-05,4.253959473e-05,4.289493381e-05,4.32719493e-05,4.367200244e-05,4.409645622e-05,4.454666382e-05,4.502395582e-05,4.552962648e-05,4.606491889e-05,4.663100928e-05,4.722899056e-05,4.785985507e-05,4.85244769e-05,4.92235938e-05,4.995778893e-05,5.07274726e-05,5.153286433e-05,5.237397534e-05,5.325059194e-05,5.416225996e-05,5.510827068e-05,5.608764854e-05,5.709914114e-05,5.814121181e-05,5.921203535e-05,6.030949724e-05,6.14311968e-05,6.257445479e-05,6.37363256e-05,6.491361451e-05,6.610290007e-05,6.730056165e-05,6.850281209e-05,6.970573504e-05,7.090532672e-05,7.209754115e-05,7.327833823e-05,7.44437335e-05,7.558984851e-05,7.671296046e-05,7.780954992e-05,7.887634532e-05,7.991036288e-05,8.090894117e-05,8.186976912e-05,8.279090699e-05,8.367079981e-05,8.450828308e-05,8.530258088e-05,8.605329675e-05,8.676039775e-05,8.742419272e-05,8.80453053e-05,8.862464303e-05,8.916336337e-05,8.966283772e-05,9.012461454e-05,9.05503825e-05,9.094193453e-05,9.13011334e-05,9.162987975e-05,9.193008272e-05,9.220363381e-05,9.245238403e-05,9.26781246e-05,9.288257105e-05,9.306735082e-05,9.323399399e-05,9.338392711e-05,9.351846976e-05,9.363883352e-05,9.374612306e-05,9.384133908e-05,9.392538264e-05,9.399906068e-05,9.406309239e-05,9.411811612e-05,9.416469666e-05,9.420333269e-05,9.423446399e-05,9.425847867e-05,9.427571984e-05,9.4286492e-05,9.429106684e-05,9.428968851e-05,9.428257838e-05,9.426993912e-05,9.425195833e-05
3.987154511e-05,4.006384989e-05,4.026464441e-05,4.047480649e-05,4.069527345e-05,4.092704211e-05,4.117116824e-05,4.142876508e-05,4.170100112e-05,4.198909678e-05,4.229432015e-05,4.261798163e-05,4.296142732e-05,4.332603133e-05,4.371318679e-05,4.412429566e-05,4.456075729e-05,4.502395582e-05,4.551524639e-05,4.603594029e-05,4.658728911e-05,4.717046805e-05,4.77865584e-05,4.843652949e-05,4.912122019e-05,4.984132021e-05,5.059735125e-05,5.138964856e-05,5.221834274e-05,5.308334247e-05,5.398431814e-05,5.492068693e-05,5.589159949e-05,5.689592884e-05,5.793226162e-05,5.899889229e-05,6.009382061e-05,6.121475286e-05,6.235910716e-05,6.352402329e-05,6.470637733e-05,6.590280129e-05,6.710970794e-05,6.832332072e-05,6.953970871e-05,7.075482614e-05,7.196455606e-05,7.316475738e-05,7.435131443e-05,7.552018787e-05,7.666746598e-05,7.778941482e-05,7.888252612e-05,7.994356155e-05,8.096959222e-05,8.195803227e-05,8.290666574e-05,8.381366605e-05,8.467760767e-05,8.549746985e-05,8.627263261e-05,8.700286524e-05,8.768830811e-05,8.832944834e-05,8.892709056e-05,8.948232351e-05,8.999648386e-05,9.047111802e-05,9.090794335e-05,9.130880947e-05,9.167566073e-05,9.201050053e-05,9.231535816e-05,9.259225867e-05,9.284319613e-05,9.307011044e-05,9.327486789e-05,9.345924547e-05,9.362491865e-05,9.377345275e-05,9.390629734e-05,9.402478357e-05,9.413012409e-05,9.422341506e-05,9.430564015e-05,9.437767586e-05,9.444029817e-05,9.449418991e-05,9.45399487e-05,9.457809525e-05,9.460908162e-05,9.463329939e-05,9.465108758e-05,9.466274008e-05,9.46685126e-05,9.466862902e-05,9.466328709e-05,9.465266357e-05,9.463691861e-05,9.461619954e-05
4.025343297e-05,4.044830996e-05,4.065203094e-05,4.086551434e-05,4.108974067e-05,4.132575245e-05,4.157465335e-05,4.183760645e-05,4.211583157e-05,4.241060153e-05,4.272323731e-05,4.305510198e-05,4.340759344e-05,4.378213583e-05,4.418016965e-05,4.46031406e-05,4.505248708e-05,4.552962648e-05,4.603594029e-05,4.657275811e-05,4.714134068e-05,4.774286204e-05,4.837839104e-05,4.904887231e-05,4.975510691e-05,5.049773289e-05,5.127720603e-05,5.20937809e-05,5.294749269e-05,5.383813992e-05,5.47652685e-05,5.572815743e-05,5.672580637e-05,5.775692572e-05,5.881992927e-05,5.991293013e-05,6.103374008e-05,6.217987297e-05,6.33485523e-05,6.453672354e-05,6.574107126e-05,6.69580414e-05,6.818386868e-05,6.941460913e-05,7.064617742e-05,7.187438878e-05,7.309500475e-05,7.430378211e-05,7.5496524e-05,7.666913218e-05,7.781765919e-05,7.893835913e-05,8.002773569e-05,8.108258627e-05,8.210004091e-05,8.307759491e-05,8.401313445e-05,8.490495446e-05,8.575176842e-05,8.655270996e-05,8.730732654e-05,8.80155655e-05,8.867775325e-05,8.929456845e-05,8.986701003e-05,9.039636135e-05,9.088415151e-05,9.13321149e-05,9.174215023e-05,9.211627997e-05,9.245661109e-05,9.276529798e-05,9.304450811e-05,9.329639102e-05,9.352305091e-05,9.372652312e-05,9.390875461e-05,9.40715883e-05,9.42167513e-05,9.434584674e-05,9.446034891e-05,9.45616014e-05,9.465081799e-05,9.472908572e-05,9.479736994e-05,9.485652081e-05,9.490728104e-05,9.49502944e-05,9.498611482e-05,9.50152156e-05,9.503799877e-05,9.505480414e-05,9.506591803e-05,9.507158145e-05,9.507199772e-05,9.506733935e-05,9.505775431e-05,9.504337141e-05,9.502430514e-05,9.500065961e-05
4.065655e-05,4.085416414e-05,4.106100135e-05,4.127802346e-05,4.150625721e-05,4.174679397e-05,4.200078863e-05,4.226945757e-05,4.255407552e-05,4.285597132e-05,4.31765225e-05,4.35171485e-05,4.387930259e-05,4.426446241e-05,4.467411913e-05,4.510976521e-05,4.557288081e-05,4.606491889e-05,4.658728911e-05,4.714134068e-05,4.772834408e-05,4.834947216e-05,4.900578044e-05,4.969818713e-05,5.042745286e-05,5.119416047e-05,5.19986952e-05,5.284122539e-05,5.372168416e-05,5.463975224e-05,5.559484243e-05,5.658608597e-05,5.761232106e-05,5.867208416e-05,5.976360426e-05,6.08848005e-05,6.203328367e-05,6.320636182e-05,6.440105035e-05,6.561408691e-05,6.684195127e-05,6.808089042e-05,6.932694867e-05,7.057600299e-05,7.182380297e-05,7.306601519e-05,7.429827122e-05,7.551621864e-05,7.671557377e-05,7.789217539e-05,7.904203782e-05,8.016140234e-05,8.124678546e-05,8.22950228e-05,8.330330738e-05,8.426922131e-05,8.519076e-05,8.606634833e-05,8.689484841e-05,8.767555898e-05,8.840820655e-05,8.909292886e-05,8.97302513e-05,9.03210573e-05,9.086655361e-05,9.136823172e-05,9.182782649e-05,9.224727334e-05,9.262866491e-05,9.297420851e-05,9.328618502e-05,9.35669103e-05,9.381869958e-05,9.404383551e-05,9.424454008e-05,9.44229507e-05,9.458110056e-05,9.472090312e-05,9.48441407e-05,9.495245686e-05,9.504735231e-05,9.513018396e-05,9.520216681e-05,9.526437813e-05,9.531776367e-05,9.536314542e-05,9.540123051e-05,9.543262098e-05,9.545782397e-05,9.547726212e-05,9.549128396e-05,9.550017393e-05,9.550416198e-05,9.550343258e-05,9.5498133e-05,9.548838087e-05,9.547427085e-05,9.545588054e-05,9.543327555e-05,9.54065138e-05
4.108208128e-05,4.128259733e-05,4.149274031e-05,4.171351829e-05,4.194600722e-05,4.21913505e-05,4.245075758e-05,4.272550156e-05,4.301691565e-05,4.332638836e-05,4.365535743e-05,4.40053023e-05,4.437773523e-05,4.477419082e-05,4.51962142e-05,4.564534762e-05,4.61231157e-05,4.663100928e-05,4.717046805e-05,4.774286204e-05,4.834947216e-05,4.899146994e-05,4.966989676e-05,5.038564267e-05,5.113942525e-05,5.193176856e-05,5.276298274e-05,5.36331443e-05,5.454207765e-05,5.548933813e-05,5.647419682e-05,5.749562757e-05,5.855229667e-05,5.964255541e-05,6.076443595e-05,6.191565092e-05,6.309359708e-05,6.429536335e-05,6.551774352e-05,6.675725397e-05,6.801015642e-05,6.927248595e-05,7.054008418e-05,7.180863739e-05,7.307371938e-05,7.433083843e-05,7.557548779e-05,7.680319868e-05,7.800959504e-05,7.919044853e-05,8.034173279e-05,8.145967548e-05,8.254080673e-05,8.358200284e-05,8.458052394e-05,8.553404456e-05,8.644067641e-05,8.729898272e-05,8.810798391e-05,8.886715451e-05,8.95764117e-05,9.023609592e-05,9.084694447e-05,9.141005883e-05,9.192686702e-05,9.239908214e-05,9.282865818e-05,9.321774459e-05,9.356864053e-05,9.388375011e-05,9.416553941e-05,9.44164962e-05,9.463909307e-05,9.483575441e-05,9.500882762e-05,9.516055879e-05,9.529307295e-05,9.540835866e-05,9.550825701e-05,9.559445464e-05,9.566848038e-05,9.573170532e-05,9.578534575e-05,9.583046852e-05,9.586799856e-05,9.589872783e-05,9.592332558e-05,9.59423494e-05,9.595625661e-05,9.596541592e-05,9.597011889e-05,9.597059097e-05,9.596700211e-05,9.595947656e-05,9.594810195e-05,9.59329374e-05,9.591402086e-05,9.589137536e-05,9.586501451e-05,9.583494698e-05
4.153121443e-05,4.173479523e-05,4.194843135e-05,4.217317987e-05,4.241016892e-05,4.266059706e-05,4.292573157e-05,4.320690571e-05,4.350551469e-05,4.382301027e-05,4.416089403e-05,4.452070904e-05,4.490403007e-05,4.531245214e-05,4.574757757e-05,4.62110014e-05,4.67042954e-05,4.722899056e-05,4.77865584e-05,4.837839104e-05,4.900578044e-05,4.966989676e-05,5.037176634e-05,5.111224942e-05,5.189201792e-05,5.271153359e-05,5.357102692e-05,5.447047709e-05,5.54095933e-05,5.638779789e-05,5.740421168e-05,5.845764171e-05,5.954657201e-05,6.066915752e-05,6.182322174e-05,6.300625837e-05,6.421543724e-05,6.544761496e-05,6.669935039e-05,6.796692529e-05,6.924637021e-05,7.05334956e-05,7.182392814e-05,7.311315198e-05,7.439655455e-05,7.56694763e-05,7.692726379e-05,7.816532494e-05,7.93791857e-05,8.05645466e-05,8.171733815e-05,8.283377355e-05,8.391039739e-05,8.494412911e-05,8.593229995e-05,8.687268243e-05,8.776351158e-05,8.860349732e-05,8.939182788e-05,9.012816417e-05,9.081262549e-05,9.144576724e-05,9.202855134e-05,9.256231044e-05,9.304870719e-05,9.348968959e-05,9.388744398e-05,9.424434669e-05,9.456291587e-05,9.484576426e-05,9.509555427e-05,9.531495595e-05,9.550660872e-05,9.567308721e-05,9.58168718e-05,9.594032381e-05,9.604566562e-05,9.61349654e-05,9.62101266e-05,9.627288146e-05,9.632478867e-05,9.636723433e-05,9.640143609e-05,9.64284498e-05,9.644917826e-05,9.646438161e-05,9.647468895e-05,9.648061072e-05,9.648255145e-05,9.648082267e-05,9.647565549e-05,9.646721288e-05,9.645560115e-05,9.644088071e-05,9.642307593e-05,9.640218396e-05,9.637818256e-05,9.635103694e-05,9.632070555e-05,9.628714488e-05
4.200512972e-05,4.221193434e-05,4.242924664e-05,4.265817543e-05,4.289990393e-05,4.31556889e-05,4.342685868e-05,4.371481003e-05,4.402100358e-05,4.434695788e-05,4.469424188e-05,4.506446581e-05,4.545927043e-05,4.588031452e-05,4.632926076e-05,4.680775995e-05,4.731743359e-05,4.785985507e-05,4.843652949e-05,4.904887231e-05,4.969818713e-05,5.038564267e-05,5.111224942e-05,5.187883613e-05,5.268602653e-05,5.353421661e-05,5.442355281e-05,5.535391155e-05,5.63248804e-05,5.733574139e-05,5.838545671e-05,5.947265734e-05,6.059563489e-05,6.17523371e-05,6.294036724e-05,6.415698789e-05,6.53991294e-05,6.666340314e-05,6.794612e-05,6.924331415e-05,7.055077209e-05,7.18640672e-05,7.317859929e-05,7.448963915e-05,7.579237749e-05,7.708197765e-05,7.835363133e-05,7.960261633e-05,8.082435514e-05,8.201447325e-05,8.316885562e-05,8.42837002e-05,8.535556684e-05,8.638142049e-05,8.735866749e-05,8.828518378e-05,8.915933452e-05,8.997998449e-05,9.074649903e-05,9.145873577e-05,9.211702737e-05,9.27221561e-05,9.327532095e-05,9.377809862e-05,9.423239934e-05,9.464041912e-05,9.500458947e-05,9.532752628e-05,9.561197875e-05,9.586077988e-05,9.60767993e-05,9.626289946e-05,9.642189583e-05,9.655652166e-05,9.666939769e-05,9.676300684e-05,9.683967423e-05,9.690155211e-05,9.695060968e-05,9.698862738e-05,9.701719536e-05,9.70377156e-05,9.705140718e-05,9.705931431e-05,9.706231645e-05,9.706114015e-05,9.705637215e-05,9.704847309e-05,9.703779181e-05,9.702457943e-05,9.700900334e-05,9.699116049e-05,9.697109005e-05,9.694878503e-05,9.692420305e-05,9.68972758e-05,9.686791757e-05,9.683603251e-05,9.680152084e-05,9.676428399e-05
4.25049887e-05,4.271517045e-05,4.293633538e-05,4.316964664e-05,4.341634533e-05,4.367774938e-05,4.395525129e-05,4.425031453e-05,4.456446849e-05,4.489930187e-05,4.525645443e-05,4.563760696e-05,4.604446956e-05,4.647876802e-05,4.694222844e-05,4.743656018e-05,4.796343702e-05,4.85244769e-05,4.912122019e-05,4.975510691e-05,5.042745286e-05,5.113942525e-05,5.189201792e-05,5.268602653e-05,5.35220242e-05,5.440033779e-05,5.532102545e-05,5.628385562e-05,5.72882881e-05,5.833345743e-05,5.941815916e-05,6.054083928e-05,6.169958725e-05,6.289213305e-05,6.411584854e-05,6.536775352e-05,6.664452664e-05,6.794252164e-05,6.925778887e-05,7.058610228e-05,7.192299203e-05,7.326378233e-05,7.460363465e-05,7.593759559e-05,7.726064916e-05,7.856777259e-05,7.98539949e-05,8.111445712e-05,8.234447309e-05,8.35395894e-05,8.469564318e-05,8.580881635e-05,8.687568478e-05,8.789326128e-05,8.885903105e-05,8.977097872e-05,9.062760619e-05,9.142794092e-05,9.217153438e-05,9.285845089e-05,9.348924731e-05,9.406494424e-05,9.458698982e-05,9.505721712e-05,9.547779659e-05,9.585118474e-05,9.618007078e-05,9.646732222e-05,9.67159311e-05,9.692896183e-05,9.710950175e-05,9.726061549e-05,9.738530352e-05,9.748646573e-05,9.756687032e-05,9.762912802e-05,9.767567189e-05,9.770874251e-05,9.773037817e-05,9.774240995e-05,9.774646108e-05,9.774395019e-05,9.773609789e-05,9.772393614e-05,9.770831988e-05,9.768994038e-05,9.766933982e-05,9.764692659e-05,9.762299095e-05,9.759772059e-05,9.757121589e-05,9.754350448e-05,9.751455495e-05,9.748428953e-05,9.745259566e-05,9.741933628e-05,9.738435897e-05,9.734750371e-05,9.730860958e-05,9.726752011e-05
