0.004864621949,0.005063260785,0.005277774214,0.00550937204,0.005759346338,0.006029075357,0.006320027302,0.006633763928,0.006971943858,0.007336325522,0.007728769627,0.008151240997,0.008605809667,0.00909465104,0.009620044946,0.01018437338,0.01079011674,0.01143984821,0.01213622625,0.01288198468,0.01367992027,0.01453287751,0.01544373019,0.01641535984,0.01745063041,0.01855235939,0.01972328509,0.02096603007,0.02228306081,0.02367664393,0.02514879912,0.02670124946,0.02833536973,0.03005213359,0.03185206074,0.03373516525,0.03570090653,0.03774814447,0.03987510039,0.04207932558,0.04435767899,0.04670631573,0.0491206877,0.05159555759,0.05412502673,0.0567025775,0.0593211297,0.06197311057,0.06465053693,0.06734510796,0.07004830621,0.07275150447,0.0754460755,0.07812350186,0.08077548273,0.08339403493,0.08597158569,0.08850105484,0.09097592473,0.0933902967,0.09573893344,0.09801728685,0.100221512,0.102348468,0.1043957059,0.1063614472,0.1082445517,0.1100444788,0.1117612427,0.113395363,0.1149478133,0.1164199685,0.1178135516,0.1191305824,0.1203733273,0.121544253,0.122645982,0.1236812526,0.1246528822,0.1255637349,0.1264166922,0.1272146278,0.1279603862,0.1286567642,0.1293064957,0.129912239,0.1304765675,0.1310019614,0.1314908028,0.1319453714,0.1323678428,0.1327602869,0.1331246686,0.1334628485,0.1337765851,0.1340675371,0.1343372661,0.1345872404,0.1348188382,0.1350333516
0.005063260785,0.005261899622,0.005476413051,0.005708010877,0.005957985175,0.006227714193,0.006518666139,0.006832402765,0.007170582694,0.007534964359,0.007927408463,0.008349879834,0.008804448504,0.009293289877,0.009818683782,0.01038301222,0.01098875557,0.01163848704,0.01233486508,0.01308062351,0.01387855911,0.01473151634,0.01564236903,0.01661399868,0.01764926924,0.01875099823,0.01992192393,0.0211646689,0.02248169965,0.02387528276,0.02534743795,0.0268998883,0.02853400856,0.03025077243,0.03205069957,0.03393380409,0.03589954537,0.0379467833,0.04007373922,0.04227796442,0.04455631783,0.04690495456,0.04931932654,0.05179419642,0.05432366557,0.05690121634,0.05951976854,0.0621717494,0.06484917576,0.06754374679,0.07024694505,0.07295014331,0.07564471434,0.0783221407,0.08097412156,0.08359267376,0.08617022453,0.08869969368,0.09117456356,0.09358893554,0.09593757227,0.09821592568,0.1004201509,0.1025471068,0.1045943447,0.106560086,0.1084431905,0.1102431177,0.1119598815,0.1135940018,0.1151464521,0.1166186073,0.1180121905,0.1193292212,0.1205719662,0.1217428919,0.1228446209,0.1238798914,0.1248515211,0.1257623738,0.126615331,0.1274132666,0.128159025,0.1288554031,0.1295051345,0.1301108779,0.1306752063,0.1312006002,0.1316894416,0.1321440103,0.1325664816,0.1329589257,0.1333233074,0.1336614873,0.133975224,0.1342661759,0.1345359049,0.1347858792,0.1350174771,0.1352319905
0.005277774214,0.005476413051,0.00569092648,0.005922524306,0.006172498603,0.006442227622,0.006733179567,0.007046916194,0.007385096123,0.007749477787,0.008141921892,0.008564393263,0.009018961933,0.009507803306,0.01003319721,0.01059752565,0.011203269,0.01185300047,0.01254937851,0.01329513694,0.01409307254,0.01494602977,0.01585688246,0.01682851211,0.01786378267,0.01896551166,0.02013643736,0.02137918233,0.02269621307,0.02408979619,0.02556195138,0.02711440172,0.02874852199,0.03046528585,0.032265213,0.03414831751,0.0361140588,0.03816129673,0.04028825265,0.04249247785,0.04477083126,0.04711946799,0.04953383997,0.05200870985,0.054538179,0.05711572977,0.05973428197,0.06238626283,0.06506368919,0.06775826022,0.07046145848,0.07316465674,0.07585922777,0.07853665413,0.08118863499,0.08380718719,0.08638473796,0.08891420711,0.09138907699,0.09380344897,0.0961520857,0.09843043911,0.1006346643,0.1027616202,0.1048088582,0.1067745994,0.108657704,0.1104576311,0.112174395,0.1138085152,0.1153609656,0.1168331208,0.1182267039,0.1195437346,0.1207864796,0.1219574053,0.1230591343,0.1240944049,0.1250660345,0.1259768872,0.1268298444,0.12762778,0.1283735384,0.1290699165,0.129719648,0.1303253913,0.1308897197,0.1314151137,0.131903955,0.1323585237,0.1327809951,0.1331734392,0.1335378208,0.1338760008,0.1341897374,0.1344806893,0.1347504184,0.1350003927,0.1352319905,0.1354465039
0.00550937204,0.005708010877,0.005922524306,0.006154122131,0.006404096429,0.006673825448,0.006964777393,0.00727851402,0.007616693949,0.007981075613,0.008373519718,0.008795991089,0.009250559759,0.009739401131,0.01026479504,0.01082912348,0.01143486683,0.0120845983,0.01278097634,0.01352673477,0.01432467037,0.0151776276,0.01608848029,0.01706010993,0.0180953805,0.01919710948,0.02036803518,0.02161078016,0.0229278109,0.02432139402,0.02579354921,0.02734599955,0.02898011982,0.03069688368,0.03249681083,0.03437991534,0.03634565662,0.03839289456,0.04051985048,0.04272407567,0.04500242908,0.04735106582,0.04976543779,0.05224030768,0.05476977683,0.05734732759,0.05996587979,0.06261786066,0.06529528702,0.06798985805,0.07069305631,0.07339625456,0.07609082559,0.07876825195,0.08142023282,0.08403878502,0.08661633579,0.08914580493,0.09162067482,0.09403504679,0.09638368353,0.09866203694,0.1008662621,0.1029932181,0.105040456,0.1070061973,0.1088893018,0.1106892289,0.1124059928,0.1140401131,0.1155925634,0.1170647186,0.1184583017,0.1197753325,0.1210180774,0.1221890031,0.1232907321,0.1243260027,0.1252976323,0.126208485,0.1270614422,0.1278593778,0.1286051363,0.1293015143,0.1299512458,0.1305569891,0.1311213176,0.1316467115,0.1321355529,0.1325901215,0.1330125929,0.133405037,0.1337694187,0.1341075986,0.1344213352,0.1347122872,0.1349820162,0.1352319905,0.1354635883,0.1356781017
0.005759346338,0.005957985175,0.006172498603,0.006404096429,0.006654070727,0.006923799746,0.007214751691,0.007528488318,0.007866668247,0.008231049911,0.008623494016,0.009045965387,0.009500534056,0.009989375429,0.01051476933,0.01107909777,0.01168484112,0.0123345726,0.01303095064,0.01377670907,0.01457464466,0.0154276019,0.01633845458,0.01731008423,0.0183453548,0.01944708378,0.02061800948,0.02186075446,0.0231777852,0.02457136832,0.02604352351,0.02759597385,0.02923009412,0.03094685798,0.03274678513,0.03462988964,0.03659563092,0.03864286885,0.04076982478,0.04297404997,0.04525240338,0.04760104011,0.05001541209,0.05249028198,0.05501975112,0.05759730189,0.06021585409,0.06286783495,0.06554526132,0.06823983235,0.0709430306,0.07364622886,0.07634079989,0.07901822625,0.08167020711,0.08428875932,0.08686631008,0.08939577923,0.09187064911,0.09428502109,0.09663365783,0.09891201124,0.1011162364,0.1032431924,0.1052904303,0.1072561716,0.1091392761,0.1109392032,0.1126559671,0.1142900874,0.1158425377,0.1173146929,0.118708276,0.1200253068,0.1212680517,0.1224389774,0.1235407064,0.124575977,0.1255476066,0.1264584593,0.1273114165,0.1281093521,0.1288551106,0.1295514886,0.1302012201,0.1308069634,0.1313712919,0.1318966858,0.1323855272,0.1328400958,0.1332625672,0.1336550113,0.134019393,0.1343575729,0.1346713095,0.1349622615,0.1352319905,0.1354819648,0.1357135626,0.135928076
0.006029075357,0.006227714193,0.006442227622,0.006673825448,0.006923799746,0.007193528764,0.00748448071,0.007798217336,0.008136397265,0.00850077893,0.008893223035,0.009315694405,0.009770263075,0.01025910445,0.01078449835,0.01134882679,0.01195457014,0.01260430161,0.01330067965,0.01404643809,0.01484437368,0.01569733091,0.0166081836,0.01757981325,0.01861508382,0.0197168128,0.0208877385,0.02213048347,0.02344751422,0.02484109733,0.02631325252,0.02786570287,0.02949982314,0.031216587,0.03301651415,0.03489961866,0.03686535994,0.03891259787,0.0410395538,0.04324377899,0.0455221324,0.04787076913,0.05028514111,0.05276001099,0.05528948014,0.05786703091,0.06048558311,0.06313756397,0.06581499033,0.06850956136,0.07121275962,0.07391595788,0.07661052891,0.07928795527,0.08193993613,0.08455848833,0.0871360391,0.08966550825,0.09214037813,0.09455475011,0.09690338685,0.09918174026,0.1013859654,0.1035129214,0.1055601593,0.1075259006,0.1094090051,0.1112089322,0.1129256961,0.1145598164,0.1161122667,0.1175844219,0.118978005,0.1202950358,0.1215377807,0.1227087064,0.1238104354,0.124845706,0.1258173356,0.1267281883,0.1275811456,0.1283790812,0.1291248396,0.1298212176,0.1304709491,0.1310766925,0.1316410209,0.1321664148,0.1326552562,0.1331098248,0.1335322962,0.1339247403,0.134289122,0.1346273019,0.1349410385,0.1352319905,0.1355017195,0.1357516938,0.1359832916,0.1361978051
0.006320027302,0.006518666139,0.006733179567,0.006964777393,0.007214751691,0.00748448071,0.007775432655,0.008089169282,0.008427349211,0.008791730875,0.00918417498,0.009606646351,0.01006121502,0.01055005639,0.0110754503,0.01163977874,0.01224552209,0.01289525356,0.0135916316,0.01433739003,0.01513532563,0.01598828286,0.01689913555,0.01787076519,0.01890603576,0.02000776474,0.02117869045,0.02242143542,0.02373846616,0.02513204928,0.02660420447,0.02815665481,0.02979077508,0.03150753894,0.03330746609,0.0351905706,0.03715631188,0.03920354982,0.04133050574,0.04353473093,0.04581308434,0.04816172108,0.05057609306,0.05305096294,0.05558043209,0.05815798285,0.06077653506,0.06342851592,0.06610594228,0.06880051331,0.07150371157,0.07420690982,0.07690148086,0.07957890722,0.08223088808,0.08484944028,0.08742699105,0.0899564602,0.09243133008,0.09484570206,0.09719433879,0.0994726922,0.1016769174,0.1038038733,0.1058511113,0.1078168525,0.109699957,0.1114998842,0.1132166481,0.1148507683,0.1164032187,0.1178753739,0.119268957,0.1205859877,0.1218287327,0.1229996584,0.1241013874,0.1251366579,0.1261082876,0.1270191403,0.1278720975,0.1286700331,0.1294157915,0.1301121696,0.130761901,0.1313676444,0.1319319728,0.1324573667,0.1329462081,0.1334007768,0.1338232482,0.1342156923,0.1345800739,0.1349182539,0.1352319905,0.1355229424,0.1357926714,0.1360426457,0.1362742436,0.136488757
0.006633763928,0.006832402765,0.007046916194,0.00727851402,0.007528488318,0.007798217336,0.008089169282,0.008402905908,0.008741085837,0.009105467502,0.009497911606,0.009920382977,0.01037495165,0.01086379302,0.01138918693,0.01195351536,0.01255925872,0.01320899019,0.01390536823,0.01465112666,0.01544906225,0.01630201949,0.01721287217,0.01818450182,0.01921977239,0.02032150137,0.02149242707,0.02273517205,0.02405220279,0.02544578591,0.0269179411,0.02847039144,0.03010451171,0.03182127557,0.03362120272,0.03550430723,0.03747004851,0.03951728645,0.04164424237,0.04384846756,0.04612682097,0.04847545771,0.05088982968,0.05336469957,0.05589416871,0.05847171948,0.06109027168,0.06374225254,0.06641967891,0.06911424994,0.07181744819,0.07452064645,0.07721521748,0.07989264384,0.08254462471,0.08516317691,0.08774072767,0.09027019682,0.09274506671,0.09515943868,0.09750807542,0.09978642883,0.101990654,0.1041176099,0.1061648479,0.1081305892,0.1100136937,0.1118136208,0.1135303847,0.1151645049,0.1167169553,0.1181891105,0.1195826936,0.1208997243,0.1221424693,0.123313395,0.124415124,0.1254503946,0.1264220242,0.1273328769,0.1281858341,0.1289837697,0.1297295282,0.1304259062,0.1310756377,0.131681381,0.1322457095,0.1327711034,0.1332599447,0.1337145134,0.1341369848,0.1345294289,0.1348938106,0.1352319905,0.1355457271,0.1358366791,0.1361064081,0.1363563824,0.1365879802,0.1368024936
0.006971943858,0.007170582694,0.007385096123,0.007616693949,0.007866668247,0.008136397265,0.008427349211,0.008741085837,0.009079265766,0.009443647431,0.009836091536,0.01025856291,0.01071313158,0.01120197295,0.01172736685,0.01229169529,0.01289743864,0.01354717012,0.01424354816,0.01498930659,0.01578724218,0.01664019942,0.0175510521,0.01852268175,0.01955795232,0.0206596813,0.021830607,0.02307335198,0.02439038272,0.02578396584,0.02725612103,0.02880857137,0.03044269164,0.0321594555,0.03395938265,0.03584248716,0.03780822844,0.03985546637,0.0419824223,0.04418664749,0.0464650009,0.04881363763,0.05122800961,0.05370287949,0.05623234864,0.05880989941,0.06142845161,0.06408043247,0.06675785883,0.06945242987,0.07215562812,0.07485882638,0.07755339741,0.08023082377,0.08288280463,0.08550135684,0.0880789076,0.09060837675,0.09308324663,0.09549761861,0.09784625535,0.1001246088,0.1023288339,0.1044557899,0.1065030278,0.1084687691,0.1103518736,0.1121518007,0.1138685646,0.1155026849,0.1170551352,0.1185272904,0.1199208735,0.1212379043,0.1224806492,0.1236515749,0.1247533039,0.1257885745,0.1267602041,0.1276710568,0.1285240141,0.1293219497,0.1300677081,0.1307640861,0.1314138176,0.132019561,0.1325838894,0.1331092833,0.1335981247,0.1340526933,0.1344751647,0.1348676088,0.1352319905,0.1355701704,0.135883907,0.136174859,0.136444588,0.1366945623,0.1369261601,0.1371406736
0.007336325522,0.007534964359,0.007749477787,0.007981075613,0.008231049911,0.00850077893,0.008791730875,0.009105467502,0.009443647431,0.009808029095,0.0102004732,0.01062294457,0.01107751324,0.01156635461,0.01209174852,0.01265607696,0.01326182031,0.01391155178,0.01460792982,0.01535368825,0.01615162385,0.01700458108,0.01791543377,0.01888706341,0.01992233398,0.02102406296,0.02219498867,0.02343773364,0.02475476438,0.0261483475,0.02762050269,0.02917295303,0.0308070733,0.03252383716,0.03432376431,0.03620686882,0.0381726101,0.04021984804,0.04234680396,0.04455102915,0.04682938256,0.0491780193,0.05159239128,0.05406726116,0.05659673031,0.05917428107,0.06179283328,0.06444481414,0.0671222405,0.06981681153,0.07252000979,0.07522320805,0.07791777908,0.08059520544,0.0832471863,0.0858657385,0.08844328927,0.09097275842,0.0934476283,0.09586200028,0.09821063701,0.1004889904,0.1026932156,0.1048201715,0.1068674095,0.1088331508,0.1107162553,0.1125161824,0.1142329463,0.1158670665,0.1174195169,0.1188916721,0.1202852552,0.1216022859,0.1228450309,0.1240159566,0.1251176856,0.1261529562,0.1271245858,0.1280354385,0.1288883957,0.1296863313,0.1304320898,0.1311284678,0.1317781993,0.1323839426,0.1329482711,0.133473665,0.1339625063,0.134417075,0.1348395464,0.1352319905,0.1355963721,0.1359345521,0.1362482887,0.1365392406,0.1368089697,0.137058944,0.1372905418,0.1375050552
0.007728769627,0.007927408463,0.008141921892,0.008373519718,0.008623494016,0.008893223035,0.00918417498,0.009497911606,0.009836091536,0.0102004732,0.0105929173,0.01101538868,0.01146995735,0.01195879872,0.01248419262,0.01304852106,0.01365426441,0.01430399589,0.01500037392,0.01574613236,0.01654406795,0.01739702518,0.01830787787,0.01927950752,0.02031477809,0.02141650707,0.02258743277,0.02383017775,0.02514720849,0.02654079161,0.02801294679,0.02956539714,0.03119951741,0.03291628127,0.03471620842,0.03659931293,0.03856505421,0.04061229214,0.04273924807,0.04494347326,0.04722182667,0.0495704634,0.05198483538,0.05445970526,0.05698917441,0.05956672518,0.06218527738,0.06483725824,0.0675146846,0.07020925563,0.07291245389,0.07561565215,0.07831022318,0.08098764954,0.0836396304,0.08625818261,0.08883573337,0.09136520252,0.0938400724,0.09625444438,0.09860308112,0.1008814345,0.1030856597,0.1052126156,0.1072598536,0.1092255949,0.1111086994,0.1129086265,0.1146253904,0.1162595106,0.117811961,0.1192841162,0.1206776993,0.12199473,0.123237475,0.1244084007,0.1255101297,0.1265454003,0.1275170299,0.1284278826,0.1292808398,0.1300787754,0.1308245339,0.1315209119,0.1321706434,0.1327763867,0.1333407152,0.1338661091,0.1343549504,0.1348095191,0.1352319905,0.1356244346,0.1359888162,0.1363269962,0.1366407328,0.1369316848,0.1372014138,0.1374513881,0.1376829859,0.1378974993
0.008151240997,0.008349879834,0.008564393263,0.008795991089,0.009045965387,0.009315694405,0.009606646351,0.009920382977,0.01025856291,0.01062294457,0.01101538868,0.01143786005,0.01189242872,0.01238127009,0.01290666399,0.01347099243,0.01407673578,0.01472646726,0.0154228453,0.01616860373,0.01696653932,0.01781949656,0.01873034924,0.01970197889,0.02073724946,0.02183897844,0.02300990414,0.02425264912,0.02556967986,0.02696326298,0.02843541817,0.02998786851,0.03162198878,0.03333875264,0.03513867979,0.0370217843,0.03898752558,0.04103476351,0.04316171944,0.04536594463,0.04764429804,0.04999293477,0.05240730675,0.05488217663,0.05741164578,0.05998919655,0.06260774875,0.06525972961,0.06793715597,0.07063172701,0.07333492526,0.07603812352,0.07873269455,0.08141012091,0.08406210177,0.08668065398,0.08925820474,0.09178767389,0.09426254377,0.09667691575,0.09902555249,0.1013039059,0.1035081311,0.105635087,0.1076823249,0.1096480662,0.1115311707,0.1133310979,0.1150478617,0.116681982,0.1182344324,0.1197065876,0.1211001707,0.1224172014,0.1236599464,0.1248308721,0.1259326011,0.1269678716,0.1279395013,0.128850354,0.1297033112,0.1305012468,0.1312470052,0.1319433833,0.1325931147,0.1331988581,0.1337631865,0.1342885804,0.1347774218,0.1352319905,0.1356544619,0.136046906,0.1364112876,0.1367494675,0.1370632042,0.1373541561,0.1376238851,0.1378738594,0.1381054573,0.1383199707
0.008605809667,0.008804448504,0.009018961933,0.009250559759,0.009500534056,0.009770263075,0.01006121502,0.01037495165,0.01071313158,0.01107751324,0.01146995735,0.01189242872,0.01234699739,0.01283583876,0.01336123266,0.0139255611,0.01453130445,0.01518103593,0.01587741397,0.0166231724,0.01742110799,0.01827406522,0.01918491791,0.02015654756,0.02119181813,0.02229354711,0.02346447281,0.02470721779,0.02602424853,0.02741783165,0.02888998684,0.03044243718,0.03207655745,0.03379332131,0.03559324846,0.03747635297,0.03944209425,0.04148933218,0.04361628811,0.0458205133,0.04809886671,0.05044750344,0.05286187542,0.0553367453,0.05786621445,0.06044376522,0.06306231742,0.06571429828,0.06839172464,0.07108629568,0.07378949393,0.07649269219,0.07918726322,0.08186468958,0.08451667044,0.08713522265,0.08971277341,0.09224224256,0.09471711244,0.09713148442,0.09948012116,0.1017584746,0.1039626998,0.1060896557,0.1081368936,0.1101026349,0.1119857394,0.1137856666,0.1155024304,0.1171365507,0.118689001,0.1201611562,0.1215547393,0.1228717701,0.1241145151,0.1252854408,0.1263871697,0.1274224403,0.12839407,0.1293049226,0.1301578799,0.1309558155,0.1317015739,0.1323979519,0.1330476834,0.1336534268,0.1342177552,0.1347431491,0.1352319905,0.1356865591,0.1361090305,0.1365014746,0.1368658563,0.1372040362,0.1375177728,0.1378087248,0.1380784538,0.1383284281,0.1385600259,0.1387745394
0.00909465104,0.009293289877,0.009507803306,0.009739401131,0.009989375429,0.01025910445,0.01055005639,0.01086379302,0.01120197295,0.01156635461,0.01195879872,0.01238127009,0.01283583876,0.01332468013,0.01385007404,0.01441440248,0.01502014583,0.0156698773,0.01636625534,0.01711201377,0.01790994937,0.0187629066,0.01967375929,0.02064538893,0.0216806595,0.02278238848,0.02395331418,0.02519605916,0.0265130899,0.02790667302,0.02937882821,0.03093127855,0.03256539882,0.03428216268,0.03608208983,0.03796519434,0.03993093562,0.04197817356,0.04410512948,0.04630935467,0.04858770808,0.05093634482,0.05335071679,0.05582558668,0.05835505583,0.06093260659,0.06355115879,0.06620313966,0.06888056602,0.07157513705,0.07427833531,0.07698153356,0.07967610459,0.08235353095,0.08500551182,0.08762406402,0.09020161479,0.09273108393,0.09520595382,0.09762032579,0.09996896253,0.1022473159,0.1044515411,0.1065784971,0.108625735,0.1105914763,0.1124745808,0.1142745079,0.1159912718,0.1176253921,0.1191778424,0.1206499976,0.1220435807,0.1233606115,0.1246033564,0.1257742821,0.1268760111,0.1279112817,0.1288829113,0.129793764,0.1306467212,0.1314446568,0.1321904153,0.1328867933,0.1335365248,0.1341422681,0.1347065966,0.1352319905,0.1357208319,0.1361754005,0.1365978719,0.136990316,0.1373546977,0.1376928776,0.1380066142,0.1382975662,0.1385672952,0.1388172695,0.1390488673,0.1392633807
0.009620044946,0.009818683782,0.01003319721,0.01026479504,0.01051476933,0.01078449835,0.0110754503,0.01138918693,0.01172736685,0.01209174852,0.01248419262,0.01290666399,0.01336123266,0.01385007404,0.01437546794,0.01493979638,0.01554553973,0.0161952712,0.01689164924,0.01763740768,0.01843534327,0.0192883005,0.02019915319,0.02117078284,0.0222060534,0.02330778239,0.02447870809,0.02572145306,0.02703848381,0.02843206692,0.02990422211,0.03145667246,0.03309079272,0.03480755659,0.03660748374,0.03849058825,0.04045632953,0.04250356746,0.04463052338,0.04683474858,0.04911310199,0.05146173872,0.0538761107,0.05635098058,0.05888044973,0.0614580005,0.0640765527,0.06672853356,0.06940595992,0.07210053095,0.07480372921,0.07750692747,0.0802014985,0.08287892486,0.08553090572,0.08814945792,0.09072700869,0.09325647784,0.09573134772,0.0981457197,0.1004943564,0.1027727098,0.104976935,0.107103891,0.1091511289,0.1111168702,0.1129999747,0.1147999018,0.1165166657,0.118150786,0.1197032363,0.1211753915,0.1225689746,0.1238860054,0.1251287503,0.126299676,0.127401405,0.1284366756,0.1294083052,0.1303191579,0.1311721152,0.1319700507,0.1327158092,0.1334121872,0.1340619187,0.134667662,0.1352319905,0.1357573844,0.1362462258,0.1367007944,0.1371232658,0.1375157099,0.1378800916,0.1382182715,0.1385320081,0.1388229601,0.1390926891,0.1393426634,0.1395742612,0.1397887746
0.01018437338,0.01038301222,0.01059752565,0.01082912348,0.01107909777,0.01134882679,0.01163977874,0.01195351536,0.01229169529,0.01265607696,0.01304852106,0.01347099243,0.0139255611,0.01441440248,0.01493979638,0.01550412482,0.01610986817,0.01675959964,0.01745597768,0.01820173611,0.01899967171,0.01985262894,0.02076348163,0.02173511128,0.02277038184,0.02387211083,0.02504303653,0.0262857815,0.02760281224,0.02899639536,0.03046855055,0.03202100089,0.03365512116,0.03537188502,0.03717181217,0.03905491668,0.04102065796,0.0430678959,0.04519485182,0.04739907702,0.04967743043,0.05202606716,0.05444043914,0.05691530902,0.05944477817,0.06202232894,0.06464088114,0.067292862,0.06997028836,0.07266485939,0.07536805765,0.07807125591,0.08076582694,0.0834432533,0.08609523416,0.08871378636,0.09129133713,0.09382080628,0.09629567616,0.09871004814,0.1010586849,0.1033370383,0.1055412635,0.1076682194,0.1097154573,0.1116811986,0.1135643031,0.1153642303,0.1170809941,0.1187151144,0.1202675647,0.1217397199,0.1231333031,0.1244503338,0.1256930788,0.1268640045,0.1279657335,0.129001004,0.1299726337,0.1308834864,0.1317364436,0.1325343792,0.1332801376,0.1339765157,0.1346262471,0.1352319905,0.1357963189,0.1363217128,0.1368105542,0.1372651229,0.1376875942,0.1380800383,0.13844442,0.1387825999,0.1390963366,0.1393872885,0.1396570175,0.1399069918,0.1401385896,0.1403531031
0.01079011674,0.01098875557,0.011203269,0.01143486683,0.01168484112,0.01195457014,0.01224552209,0.01255925872,0.01289743864,0.01326182031,0.01365426441,0.01407673578,0.01453130445,0.01502014583,0.01554553973,0.01610986817,0.01671561152,0.01736534299,0.01806172103,0.01880747947,0.01960541506,0.02045837229,0.02136922498,0.02234085463,0.02337612519,0.02447785418,0.02564877988,0.02689152485,0.0282085556,0.02960213871,0.0310742939,0.03262674425,0.03426086451,0.03597762838,0.03777755553,0.03966066004,0.04162640132,0.04367363925,0.04580059517,0.04800482037,0.05028317378,0.05263181051,0.05504618249,0.05752105237,0.06005052152,0.06262807229,0.06524662449,0.06789860535,0.07057603171,0.07327060274,0.075973801,0.07867699926,0.08137157029,0.08404899665,0.08670097751,0.08931952971,0.09189708048,0.09442654963,0.09690141951,0.09931579149,0.1016644282,0.1039427816,0.1061470068,0.1082739628,0.1103212007,0.112286942,0.1141700465,0.1159699736,0.1176867375,0.1193208578,0.1208733081,0.1223454633,0.1237390464,0.1250560771,0.1262988221,0.1274697478,0.1285714768,0.1296067474,0.130578377,0.1314892297,0.1323421869,0.1331401225,0.133885881,0.134582259,0.1352319905,0.1358377338,0.1364020623,0.1369274562,0.1374162975,0.1378708662,0.1382933376,0.1386857817,0.1390501634,0.1393883433,0.1397020799,0.1399930319,0.1402627609,0.1405127352,0.140744333,0.1409588464
0.01143984821,0.01163848704,0.01185300047,0.0120845983,0.0123345726,0.01260430161,0.01289525356,0.01320899019,0.01354717012,0.01391155178,0.01430399589,0.01472646726,0.01518103593,0.0156698773,0.0161952712,0.01675959964,0.01736534299,0.01801507447,0.01871145251,0.01945721094,0.02025514653,0.02110810376,0.02201895645,0.0229905861,0.02402585667,0.02512758565,0.02629851135,0.02754125633,0.02885828707,0.03025187019,0.03172402538,0.03327647572,0.03491059599,0.03662735985,0.038427287,0.04031039151,0.04227613279,0.04432337072,0.04645032665,0.04865455184,0.05093290525,0.05328154198,0.05569591396,0.05817078384,0.06070025299,0.06327780376,0.06589635596,0.06854833682,0.07122576318,0.07392033422,0.07662353247,0.07932673073,0.08202130176,0.08469872812,0.08735070898,0.08996926119,0.09254681195,0.0950762811,0.09755115098,0.09996552296,0.1023141597,0.1045925131,0.1067967383,0.1089236942,0.1109709322,0.1129366734,0.1148197779,0.1166197051,0.118336469,0.1199705892,0.1215230396,0.1229951948,0.1243887779,0.1257058086,0.1269485536,0.1281194793,0.1292212083,0.1302564788,0.1312281085,0.1321389612,0.1329919184,0.133789854,0.1345356124,0.1352319905,0.135881722,0.1364874653,0.1370517937,0.1375771876,0.138066029,0.1385205977,0.1389430691,0.1393355132,0.1396998948,0.1400380748,0.1403518114,0.1406427633,0.1409124923,0.1411624666,0.1413940645,0.1416085779
0.01213622625,0.01233486508,0.01254937851,0.01278097634,0.01303095064,0.01330067965,0.0135916316,0.01390536823,0.01424354816,0.01460792982,0.01500037392,0.0154228453,0.01587741397,0.01636625534,0.01689164924,0.01745597768,0.01806172103,0.01871145251,0.01940783054,0.02015358898,0.02095152457,0.0218044818,0.02271533449,0.02368696414,0.02472223471,0.02582396369,0.02699488939,0.02823763437,0.02955466511,0.03094824823,0.03242040341,0.03397285376,0.03560697403,0.03732373789,0.03912366504,0.04100676955,0.04297251083,0.04501974876,0.04714670469,0.04935092988,0.05162928329,0.05397792002,0.056392292,0.05886716188,0.06139663103,0.0639741818,0.066592734,0.06924471486,0.07192214122,0.07461671225,0.07731991051,0.08002310877,0.0827176798,0.08539510616,0.08804708702,0.09066563922,0.09324318999,0.09577265914,0.09824752902,0.100661901,0.1030105377,0.1052888911,0.1074931163,0.1096200723,0.1116673102,0.1136330515,0.115516156,0.1173160831,0.119032847,0.1206669673,0.1222194176,0.1236915728,0.1250851559,0.1264021867,0.1276449316,0.1288158573,0.1299175863,0.1309528569,0.1319244865,0.1328353392,0.1336882965,0.134486232,0.1352319905,0.1359283685,0.1365781,0.1371838433,0.1377481718,0.1382735657,0.1387624071,0.1392169757,0.1396394471,0.1400318912,0.1403962729,0.1407344528,0.1410481894,0.1413391414,0.1416088704,0.1418588447,0.1420904425,0.1423049559
0.01288198468,0.01308062351,0.01329513694,0.01352673477,0.01377670907,0.01404643809,0.01433739003,0.01465112666,0.01498930659,0.01535368825,0.01574613236,0.01616860373,0.0166231724,0.01711201377,0.01763740768,0.01820173611,0.01880747947,0.01945721094,0.02015358898,0.02089934741,0.021697283,0.02255024024,0.02346109292,0.02443272257,0.02546799314,0.02656972212,0.02774064782,0.0289833928,0.03030042354,0.03169400666,0.03316616185,0.03471861219,0.03635273246,0.03806949632,0.03986942347,0.04175252798,0.04371826926,0.04576550719,0.04789246312,0.05009668831,0.05237504172,0.05472367845,0.05713805043,0.05961292032,0.06214238946,0.06471994023,0.06733849243,0.06999047329,0.07266789966,0.07536247069,0.07806566894,0.0807688672,0.08346343823,0.08614086459,0.08879284545,0.09141139766,0.09398894842,0.09651841757,0.09899328746,0.1014076594,0.1037562962,0.1060346496,0.1082388748,0.1103658307,0.1124130686,0.1143788099,0.1162619144,0.1180618416,0.1197786054,0.1214127257,0.122965176,0.1244373312,0.1258309143,0.1271479451,0.1283906901,0.1295616158,0.1306633448,0.1316986153,0.132670245,0.1335810977,0.1344340549,0.1352319905,0.1359777489,0.136674127,0.1373238584,0.1379296018,0.1384939302,0.1390193241,0.1395081655,0.1399627342,0.1403852055,0.1407776496,0.1411420313,0.1414802112,0.1417939479,0.1420848998,0.1423546288,0.1426046031,0.1428362009,0.1430507144
0.01367992027,0.01387855911,0.01409307254,0.01432467037,0.01457464466,0.01484437368,0.01513532563,0.01544906225,0.01578724218,0.01615162385,0.01654406795,0.01696653932,0.01742110799,0.01790994937,0.01843534327,0.01899967171,0.01960541506,0.02025514653,0.02095152457,0.021697283,0.0224952186,0.02334817583,0.02425902852,0.02523065817,0.02626592873,0.02736765772,0.02853858342,0.02978132839,0.03109835913,0.03249194225,0.03396409744,0.03551654778,0.03715066805,0.03886743191,0.04066735906,0.04255046357,0.04451620486,0.04656344279,0.04869039871,0.05089462391,0.05317297732,0.05552161405,0.05793598603,0.06041085591,0.06294032506,0.06551787583,0.06813642803,0.07078840889,0.07346583525,0.07616040628,0.07886360454,0.0815668028,0.08426137383,0.08693880019,0.08959078105,0.09220933325,0.09478688402,0.09731635317,0.09979122305,0.102205595,0.1045542318,0.1068325852,0.1090368104,0.1111637663,0.1132110042,0.1151767455,0.11705985,0.1188597772,0.120576541,0.1222106613,0.1237631116,0.1252352668,0.1266288499,0.1279458807,0.1291886257,0.1303595514,0.1314612803,0.1324965509,0.1334681806,0.1343790332,0.1352319905,0.1360299261,0.1367756845,0.1374720625,0.138121794,0.1387275374,0.1392918658,0.1398172597,0.1403061011,0.1407606698,0.1411831411,0.1415755852,0.1419399669,0.1422781468,0.1425918835,0.1428828354,0.1431525644,0.1434025387,0.1436341365,0.14384865
0.01453287751,0.01473151634,0.01494602977,0.0151776276,0.0154276019,0.01569733091,0.01598828286,0.01630201949,0.01664019942,0.01700458108,0.01739702518,0.01781949656,0.01827406522,0.0187629066,0.0192883005,0.01985262894,0.02045837229,0.02110810376,0.0218044818,0.02255024024,0.02334817583,0.02420113306,0.02511198575,0.0260836154,0.02711888596,0.02822061495,0.02939154065,0.03063428562,0.03195131637,0.03334489948,0.03481705467,0.03636950502,0.03800362529,0.03972038915,0.0415203163,0.04340342081,0.04536916209,0.04741640002,0.04954335595,0.05174758114,0.05402593455,0.05637457128,0.05878894326,0.06126381314,0.06379328229,0.06637083306,0.06898938526,0.07164136612,0.07431879248,0.07701336351,0.07971656177,0.08241976003,0.08511433106,0.08779175742,0.09044373828,0.09306229048,0.09563984125,0.0981693104,0.1006441803,0.1030585523,0.105407189,0.1076855424,0.1098897676,0.1120167235,0.1140639615,0.1160297027,0.1179128072,0.1197127344,0.1214294983,0.1230636185,0.1246160689,0.1260882241,0.1274818072,0.1287988379,0.1300415829,0.1312125086,0.1323142376,0.1333495081,0.1343211378,0.1352319905,0.1360849477,0.1368828833,0.1376286417,0.1383250198,0.1389747513,0.1395804946,0.140144823,0.1406702169,0.1411590583,0.141613627,0.1420360984,0.1424285425,0.1427929241,0.1431311041,0.1434448407,0.1437357926,0.1440055216,0.1442554959,0.1444870938,0.1447016072
0.01544373019,0.01564236903,0.01585688246,0.01608848029,0.01633845458,0.0166081836,0.01689913555,0.01721287217,0.0175510521,0.01791543377,0.01830787787,0.01873034924,0.01918491791,0.01967375929,0.02019915319,0.02076348163,0.02136922498,0.02201895645,0.02271533449,0.02346109292,0.02425902852,0.02511198575,0.02602283844,0.02699446809,0.02802973865,0.02913146764,0.03030239334,0.03154513831,0.03286216906,0.03425575217,0.03572790736,0.0372803577,0.03891447797,0.04063124183,0.04243116898,0.04431427349,0.04628001478,0.04832725271,0.05045420863,0.05265843383,0.05493678724,0.05728542397,0.05969979595,0.06217466583,0.06470413498,0.06728168575,0.06990023795,0.07255221881,0.07522964517,0.0779242162,0.08062741446,0.08333061272,0.08602518375,0.08870261011,0.09135459097,0.09397314317,0.09655069394,0.09908016309,0.101555033,0.1039694049,0.1063180417,0.1085963951,0.1108006203,0.1129275762,0.1149748141,0.1169405554,0.1188236599,0.1206235871,0.1223403509,0.1239744712,0.1255269216,0.1269990767,0.1283926599,0.1297096906,0.1309524356,0.1321233613,0.1332250903,0.1342603608,0.1352319905,0.1361428432,0.1369958004,0.137793736,0.1385394944,0.1392358725,0.1398856039,0.1404913473,0.1410556757,0.1415810696,0.142069911,0.1425244797,0.142946951,0.1433393952,0.1437037768,0.1440419567,0.1443556934,0.1446466453,0.1449163743,0.1451663486,0.1453979465,0.1456124599
0.01641535984,0.01661399868,0.01682851211,0.01706010993,0.01731008423,0.01757981325,0.01787076519,0.01818450182,0.01852268175,0.01888706341,0.01927950752,0.01970197889,0.02015654756,0.02064538893,0.02117078284,0.02173511128,0.02234085463,0.0229905861,0.02368696414,0.02443272257,0.02523065817,0.0260836154,0.02699446809,0.02796609773,0.0290013683,0.03010309728,0.03127402299,0.03251676796,0.0338337987,0.03522738182,0.03669953701,0.03825198735,0.03988610762,0.04160287148,0.04340279863,0.04528590314,0.04725164442,0.04929888236,0.05142583828,0.05363006347,0.05590841688,0.05825705362,0.0606714256,0.06314629548,0.06567576463,0.06825331539,0.0708718676,0.07352384846,0.07620127482,0.07889584585,0.08159904411,0.08430224236,0.0869968134,0.08967423976,0.09232622062,0.09494477282,0.09752232359,0.1000517927,0.1025266626,0.1049410346,0.1072896713,0.1095680247,0.1117722499,0.1138992059,0.1159464438,0.1179121851,0.1197952896,0.1215952167,0.1233119806,0.1249461009,0.1264985512,0.1279707064,0.1293642895,0.1306813203,0.1319240652,0.1330949909,0.1341967199,0.1352319905,0.1362036201,0.1371144728,0.13796743,0.1387653656,0.1395111241,0.1402075021,0.1408572336,0.1414629769,0.1420273054,0.1425526993,0.1430415407,0.1434961093,0.1439185807,0.1443110248,0.1446754065,0.1450135864,0.145327323,0.145618275,0.145888004,0.1461379783,0.1463695761,0.1465840895
0.01745063041,0.01764926924,0.01786378267,0.0180953805,0.0183453548,0.01861508382,0.01890603576,0.01921977239,0.01955795232,0.01992233398,0.02031477809,0.02073724946,0.02119181813,0.0216806595,0.0222060534,0.02277038184,0.02337612519,0.02402585667,0.02472223471,0.02546799314,0.02626592873,0.02711888596,0.02802973865,0.0290013683,0.03003663887,0.03113836785,0.03230929355,0.03355203853,0.03486906927,0.03626265239,0.03773480758,0.03928725792,0.04092137819,0.04263814205,0.0444380692,0.04632117371,0.04828691499,0.05033415292,0.05246110885,0.05466533404,0.05694368745,0.05929232418,0.06170669616,0.06418156604,0.06671103519,0.06928858596,0.07190713816,0.07455911902,0.07723654538,0.07993111642,0.08263431467,0.08533751293,0.08803208396,0.09070951032,0.09336149118,0.09598004339,0.09855759415,0.1010870633,0.1035619332,0.1059763052,0.1083249419,0.1106032953,0.1128075205,0.1149344764,0.1169817144,0.1189474556,0.1208305601,0.1226304873,0.1243472512,0.1259813714,0.1275338218,0.129005977,0.1303995601,0.1317165908,0.1329593358,0.1341302615,0.1352319905,0.136267261,0.1372388907,0.1381497434,0.1390027006,0.1398006362,0.1405463946,0.1412427727,0.1418925042,0.1424982475,0.1430625759,0.1435879698,0.1440768112,0.1445313799,0.1449538513,0.1453462954,0.145710677,0.146048857,0.1463625936,0.1466535455,0.1469232745,0.1471732488,0.1474048467,0.1476193601
0.01855235939,0.01875099823,0.01896551166,0.01919710948,0.01944708378,0.0197168128,0.02000776474,0.02032150137,0.0206596813,0.02102406296,0.02141650707,0.02183897844,0.02229354711,0.02278238848,0.02330778239,0.02387211083,0.02447785418,0.02512758565,0.02582396369,0.02656972212,0.02736765772,0.02822061495,0.02913146764,0.03010309728,0.03113836785,0.03224009683,0.03341102254,0.03465376751,0.03597079825,0.03736438137,0.03883653656,0.0403889869,0.04202310717,0.04373987103,0.04553979818,0.04742290269,0.04938864397,0.05143588191,0.05356283783,0.05576706302,0.05804541643,0.06039405317,0.06280842514,0.06528329503,0.06781276418,0.07039031494,0.07300886714,0.07566084801,0.07833827437,0.0810328454,0.08373604366,0.08643924191,0.08913381294,0.09181123931,0.09446322017,0.09708177237,0.09965932314,0.1021887923,0.1046636622,0.1070780341,0.1094266709,0.1117050243,0.1139092495,0.1160362054,0.1180834433,0.1200491846,0.1219322891,0.1237322163,0.1254489801,0.1270831004,0.1286355508,0.1301077059,0.1315012891,0.1328183198,0.1340610648,0.1352319905,0.1363337195,0.13736899,0.1383406197,0.1392514724,0.1401044296,0.1409023652,0.1416481236,0.1423445017,0.1429942331,0.1435999765,0.1441643049,0.1446896988,0.1451785402,0.1456331089,0.1460555802,0.1464480243,0.146812406,0.1471505859,0.1474643226,0.1477552745,0.1480250035,0.1482749778,0.1485065757,0.1487210891
0.01972328509,0.01992192393,0.02013643736,0.02036803518,0.02061800948,0.0208877385,0.02117869045,0.02149242707,0.021830607,0.02219498867,0.02258743277,0.02300990414,0.02346447281,0.02395331418,0.02447870809,0.02504303653,0.02564877988,0.02629851135,0.02699488939,0.02774064782,0.02853858342,0.02939154065,0.03030239334,0.03127402299,0.03230929355,0.03341102254,0.03458194824,0.03582469321,0.03714172395,0.03853530707,0.04000746226,0.0415599126,0.04319403287,0.04491079673,0.04671072388,0.04859382839,0.05055956967,0.05260680761,0.05473376353,0.05693798873,0.05921634214,0.06156497887,0.06397935085,0.06645422073,0.06898368988,0.07156124065,0.07417979285,0.07683177371,0.07950920007,0.0822037711,0.08490696936,0.08761016762,0.09030473865,0.09298216501,0.09563414587,0.09825269807,0.1008302488,0.103359718,0.1058345879,0.1082489598,0.1105975966,0.11287595,0.1150801752,0.1172071311,0.119254369,0.1212201103,0.1231032148,0.124903142,0.1266199058,0.1282540261,0.1298064765,0.1312786316,0.1326722148,0.1339892455,0.1352319905,0.1364029162,0.1375046452,0.1385399157,0.1395115454,0.1404223981,0.1412753553,0.1420732909,0.1428190493,0.1435154274,0.1441651588,0.1447709022,0.1453352306,0.1458606245,0.1463494659,0.1468040346,0.1472265059,0.1476189501,0.1479833317,0.1483215116,0.1486352483,0.1489262002,0.1491959292,0.1494459035,0.1496775014,0.1498920148
0.02096603007,0.0211646689,0.02137918233,0.02161078016,0.02186075446,0.02213048347,0.02242143542,0.02273517205,0.02307335198,0.02343773364,0.02383017775,0.02425264912,0.02470721779,0.02519605916,0.02572145306,0.0262857815,0.02689152485,0.02754125633,0.02823763437,0.0289833928,0.02978132839,0.03063428562,0.03154513831,0.03251676796,0.03355203853,0.03465376751,0.03582469321,0.03706743819,0.03838446893,0.03977805205,0.04125020724,0.04280265758,0.04443677785,0.04615354171,0.04795346886,0.04983657337,0.05180231465,0.05384955258,0.05597650851,0.0581807337,0.06045908711,0.06280772384,0.06522209582,0.0676969657,0.07022643485,0.07280398562,0.07542253782,0.07807451868,0.08075194504,0.08344651608,0.08614971433,0.08885291259,0.09154748362,0.09422490998,0.09687689084,0.09949544305,0.1020729938,0.104602463,0.1070773328,0.1094917048,0.1118403416,0.114118695,0.1163229202,0.1184498761,0.120497114,0.1224628553,0.1243459598,0.126145887,0.1278626508,0.1294967711,0.1310492214,0.1325213766,0.1339149597,0.1352319905,0.1364747355,0.1376456612,0.1387473901,0.1397826607,0.1407542904,0.141665143,0.1425181003,0.1433160359,0.1440617943,0.1447581723,0.1454079038,0.1460136472,0.1465779756,0.1471033695,0.1475922109,0.1480467795,0.1484692509,0.148861695,0.1492260767,0.1495642566,0.1498779932,0.1501689452,0.1504386742,0.1506886485,0.1509202463,0.1511347598
0.02228306081,0.02248169965,0.02269621307,0.0229278109,0.0231777852,0.02344751422,0.02373846616,0.02405220279,0.02439038272,0.02475476438,0.02514720849,0.02556967986,0.02602424853,0.0265130899,0.02703848381,0.02760281224,0.0282085556,0.02885828707,0.02955466511,0.03030042354,0.03109835913,0.03195131637,0.03286216906,0.0338337987,0.03486906927,0.03597079825,0.03714172395,0.03838446893,0.03970149967,0.04109508279,0.04256723798,0.04411968832,0.04575380859,0.04747057245,0.0492704996,0.05115360411,0.05311934539,0.05516658333,0.05729353925,0.05949776444,0.06177611785,0.06412475459,0.06653912656,0.06901399645,0.07154346559,0.07412101636,0.07673956856,0.07939154943,0.08206897579,0.08476354682,0.08746674507,0.09016994333,0.09286451436,0.09554194072,0.09819392159,0.1008124738,0.1033900246,0.1059194937,0.1083943636,0.1108087356,0.1131573723,0.1154357257,0.1176399509,0.1197669068,0.1218141448,0.123779886,0.1256629906,0.1274629177,0.1291796816,0.1308138018,0.1323662522,0.1338384074,0.1352319905,0.1365490212,0.1377917662,0.1389626919,0.1400644209,0.1410996914,0.1420713211,0.1429821738,0.143835131,0.1446330666,0.145378825,0.1460752031,0.1467249346,0.1473306779,0.1478950063,0.1484204002,0.1489092416,0.1493638103,0.1497862817,0.1501787258,0.1505431074,0.1508812874,0.151195024,0.1514859759,0.151755705,0.1520056792,0.1522372771,0.1524517905
